38 4.9 4.78017
5 4.9 4.78017
5 4.9 4.78017
4 4.9 4.78017
5 4.9 4.78017
4 4.9 4.78017
4 4.9 4.78017
4 4.9 4.78017
4 4.9 4.78017
4 4.9 4.78017
4 4.9 4.78017
4 4.9 4.78017
6 4.9 4.78017
4 4.9 4.78017
4 4.9 4.78017
6 4.9 4.78017
4 4.9 4.78017
8 4.9 4.78017
4 4.9 4.78017
4 4.9 4.78017
4 4.9 4.78017
4 4.9 4.78017
4 4.9 4.78017
4 4.9 4.78017
4 4.9 4.78017
4 4.9 4.78017
4 4.9 4.78017
4 4.9 4.78017
4 4.9 4.78017
4 4.9 4.78017
4 4.9 4.78017
4 4.9 4.78017
4 4.9 4.78017
4 4.9 4.78017
4 4.9 4.78017
4 4.9 4.78017
4 4.9 4.78017
4 4.9 4.78017
4 4.9 4.78017
4 4.9 4.78017
4 4.9 4.78017
4 4.9 4.78017
4 4.9 4.78017
4 4.9 4.78017
4 4.9 4.78017
4 4.9 4.78017
4 4.9 4.78017
4 4.9 4.78017
4 4.9 4.78017
4 4.9 4.78017
