4725 513.96 954.192
171 513.96 954.192
177 513.96 954.192
183 513.96 954.192
171 513.96 954.192
4264 513.96 954.192
1234 513.96 954.192
180 513.96 954.192
255 513.96 954.192
248 513.96 954.192
1615 513.96 954.192
900 513.96 954.192
1921 513.96 954.192
2799 513.96 954.192
175 513.96 954.192
183 513.96 954.192
587 513.96 954.192
170 513.96 954.192
171 513.96 954.192
184 513.96 954.192
172 513.96 954.192
244 513.96 954.192
183 513.96 954.192
185 513.96 954.192
226 513.96 954.192
169 513.96 954.192
169 513.96 954.192
168 513.96 954.192
181 513.96 954.192
184 513.96 954.192
166 513.96 954.192
168 513.96 954.192
179 513.96 954.192
168 513.96 954.192
170 513.96 954.192
184 513.96 954.192
168 513.96 954.192
180 513.96 954.192
169 513.96 954.192
183 513.96 954.192
174 513.96 954.192
171 513.96 954.192
184 513.96 954.192
173 513.96 954.192
173 513.96 954.192
167 513.96 954.192
215 513.96 954.192
171 513.96 954.192
171 513.96 954.192
170 513.96 954.192
