900 1286.72 1349.29
790 1286.72 1349.29
793 1286.72 1349.29
827 1286.72 1349.29
861 1286.72 1349.29
902 1286.72 1349.29
809 1286.72 1349.29
2276 1286.72 1349.29
908 1286.72 1349.29
914 1286.72 1349.29
841 1286.72 1349.29
813 1286.72 1349.29
795 1286.72 1349.29
839 1286.72 1349.29
802 1286.72 1349.29
815 1286.72 1349.29
849 1286.72 1349.29
830 1286.72 1349.29
801 1286.72 1349.29
802 1286.72 1349.29
805 1286.72 1349.29
796 1286.72 1349.29
847 1286.72 1349.29
875 1286.72 1349.29
805 1286.72 1349.29
5205 1286.72 1349.29
819 1286.72 1349.29
1232 1286.72 1349.29
9438 1286.72 1349.29
1554 1286.72 1349.29
1033 1286.72 1349.29
824 1286.72 1349.29
870 1286.72 1349.29
1098 1286.72 1349.29
827 1286.72 1349.29
835 1286.72 1349.29
867 1286.72 1349.29
802 1286.72 1349.29
821 1286.72 1349.29
915 1286.72 1349.29
901 1286.72 1349.29
1064 1286.72 1349.29
1629 1286.72 1349.29
1468 1286.72 1349.29
1543 1286.72 1349.29
1521 1286.72 1349.29
1808 1286.72 1349.29
1485 1286.72 1349.29
1471 1286.72 1349.29
2011 1286.72 1349.29
