10941 8192.9 3366.88
5874 8192.9 3366.88
6431 8192.9 3366.88
11403 8192.9 3366.88
10238 8192.9 3366.88
8940 8192.9 3366.88
8592 8192.9 3366.88
5971 8192.9 3366.88
5918 8192.9 3366.88
6000 8192.9 3366.88
10597 8192.9 3366.88
20233 8192.9 3366.88
6300 8192.9 3366.88
9455 8192.9 3366.88
10421 8192.9 3366.88
20073 8192.9 3366.88
10504 8192.9 3366.88
10215 8192.9 3366.88
7513 8192.9 3366.88
5886 8192.9 3366.88
5918 8192.9 3366.88
5744 8192.9 3366.88
5560 8192.9 3366.88
11698 8192.9 3366.88
5626 8192.9 3366.88
5878 8192.9 3366.88
5823 8192.9 3366.88
7550 8192.9 3366.88
7598 8192.9 3366.88
6040 8192.9 3366.88
6034 8192.9 3366.88
5598 8192.9 3366.88
7371 8192.9 3366.88
5961 8192.9 3366.88
5758 8192.9 3366.88
5777 8192.9 3366.88
12722 8192.9 3366.88
5970 8192.9 3366.88
6598 8192.9 3366.88
6611 8192.9 3366.88
6446 8192.9 3366.88
13673 8192.9 3366.88
7357 8192.9 3366.88
5906 8192.9 3366.88
5933 8192.9 3366.88
7215 8192.9 3366.88
6017 8192.9 3366.88
5638 8192.9 3366.88
10563 8192.9 3366.88
13557 8192.9 3366.88
