38738 29790.7 3831.82
28212 29790.7 3831.82
40775 29790.7 3831.82
32622 29790.7 3831.82
26475 29790.7 3831.82
27163 29790.7 3831.82
26586 29790.7 3831.82
41015 29790.7 3831.82
31326 29790.7 3831.82
26317 29790.7 3831.82
27716 29790.7 3831.82
27176 29790.7 3831.82
39358 29790.7 3831.82
31497 29790.7 3831.82
26769 29790.7 3831.82
27975 29790.7 3831.82
26886 29790.7 3831.82
37112 29790.7 3831.82
31012 29790.7 3831.82
26446 29790.7 3831.82
27899 29790.7 3831.82
27309 29790.7 3831.82
30592 29790.7 3831.82
31542 29790.7 3831.82
27165 29790.7 3831.82
27438 29790.7 3831.82
27951 29790.7 3831.82
29632 29790.7 3831.82
31412 29790.7 3831.82
26469 29790.7 3831.82
28099 29790.7 3831.82
26761 29790.7 3831.82
28330 29790.7 3831.82
31855 29790.7 3831.82
27968 29790.7 3831.82
29899 29790.7 3831.82
29758 29790.7 3831.82
28086 29790.7 3831.82
31285 29790.7 3831.82
26546 29790.7 3831.82
28041 29790.7 3831.82
27024 29790.7 3831.82
28154 29790.7 3831.82
31290 29790.7 3831.82
26526 29790.7 3831.82
36076 29790.7 3831.82
27135 29790.7 3831.82
28191 29790.7 3831.82
31659 29790.7 3831.82
28267 29790.7 3831.82
