8471 11231.5 5650.88
9649 11231.5 5650.88
22833 11231.5 5650.88
25610 11231.5 5650.88
9434 11231.5 5650.88
8119 11231.5 5650.88
7653 11231.5 5650.88
10009 11231.5 5650.88
9262 11231.5 5650.88
14670 11231.5 5650.88
8175 11231.5 5650.88
8291 11231.5 5650.88
7798 11231.5 5650.88
10561 11231.5 5650.88
8206 11231.5 5650.88
8991 11231.5 5650.88
8217 11231.5 5650.88
8220 11231.5 5650.88
12963 11231.5 5650.88
22847 11231.5 5650.88
8172 11231.5 5650.88
7944 11231.5 5650.88
14420 11231.5 5650.88
7978 11231.5 5650.88
7844 11231.5 5650.88
16201 11231.5 5650.88
8192 11231.5 5650.88
9041 11231.5 5650.88
7866 11231.5 5650.88
14433 11231.5 5650.88
14128 11231.5 5650.88
34781 11231.5 5650.88
22587 11231.5 5650.88
8316 11231.5 5650.88
7981 11231.5 5650.88
9592 11231.5 5650.88
8304 11231.5 5650.88
8134 11231.5 5650.88
7830 11231.5 5650.88
7614 11231.5 5650.88
8098 11231.5 5650.88
7816 11231.5 5650.88
7792 11231.5 5650.88
8256 11231.5 5650.88
7944 11231.5 5650.88
11072 11231.5 5650.88
14226 11231.5 5650.88
7808 11231.5 5650.88
8739 11231.5 5650.88
18489 11231.5 5650.88
