11251 14662.1 7506.15
10835 14662.1 7506.15
49340 14662.1 7506.15
20415 14662.1 7506.15
10850 14662.1 7506.15
15648 14662.1 7506.15
10642 14662.1 7506.15
10440 14662.1 7506.15
13894 14662.1 7506.15
11173 14662.1 7506.15
10582 14662.1 7506.15
11482 14662.1 7506.15
10595 14662.1 7506.15
34096 14662.1 7506.15
11750 14662.1 7506.15
10463 14662.1 7506.15
11035 14662.1 7506.15
10503 14662.1 7506.15
23082 14662.1 7506.15
11676 14662.1 7506.15
19654 14662.1 7506.15
18634 14662.1 7506.15
10877 14662.1 7506.15
15033 14662.1 7506.15
10616 14662.1 7506.15
10607 14662.1 7506.15
10702 14662.1 7506.15
10657 14662.1 7506.15
10607 14662.1 7506.15
11350 14662.1 7506.15
19417 14662.1 7506.15
12904 14662.1 7506.15
19441 14662.1 7506.15
14002 14662.1 7506.15
18074 14662.1 7506.15
10435 14662.1 7506.15
10713 14662.1 7506.15
10514 14662.1 7506.15
23695 14662.1 7506.15
11727 14662.1 7506.15
10983 14662.1 7506.15
11207 14662.1 7506.15
14005 14662.1 7506.15
36582 14662.1 7506.15
16972 14662.1 7506.15
10786 14662.1 7506.15
10900 14662.1 7506.15
10586 14662.1 7506.15
10524 14662.1 7506.15
11151 14662.1 7506.15
