39193 39939.4 7440.41
54326 39939.4 7440.41
51027 39939.4 7440.41
49472 39939.4 7440.41
31623 39939.4 7440.41
45564 39939.4 7440.41
33751 39939.4 7440.41
50060 39939.4 7440.41
42157 39939.4 7440.41
32240 39939.4 7440.41
31084 39939.4 7440.41
40485 39939.4 7440.41
30899 39939.4 7440.41
40971 39939.4 7440.41
31834 39939.4 7440.41
49241 39939.4 7440.41
31942 39939.4 7440.41
41400 39939.4 7440.41
40175 39939.4 7440.41
42154 39939.4 7440.41
31560 39939.4 7440.41
44693 39939.4 7440.41
31681 39939.4 7440.41
54052 39939.4 7440.41
31105 39939.4 7440.41
55378 39939.4 7440.41
35550 39939.4 7440.41
41238 39939.4 7440.41
38711 39939.4 7440.41
56097 39939.4 7440.41
35527 39939.4 7440.41
43491 39939.4 7440.41
37199 39939.4 7440.41
43188 39939.4 7440.41
37582 39939.4 7440.41
44969 39939.4 7440.41
37032 39939.4 7440.41
56458 39939.4 7440.41
36077 39939.4 7440.41
32515 39939.4 7440.41
41782 39939.4 7440.41
37335 39939.4 7440.41
35469 39939.4 7440.41
39015 39939.4 7440.41
38067 39939.4 7440.41
41479 39939.4 7440.41
31833 39939.4 7440.41
34854 39939.4 7440.41
31813 39939.4 7440.41
31622 39939.4 7440.41
