453 876.3 1956.93
494 876.3 1956.93
459 876.3 1956.93
390 876.3 1956.93
496 876.3 1956.93
385 876.3 1956.93
5502 876.3 1956.93
421 876.3 1956.93
382 876.3 1956.93
388 876.3 1956.93
413 876.3 1956.93
393 876.3 1956.93
383 876.3 1956.93
391 876.3 1956.93
309 876.3 1956.93
522 876.3 1956.93
390 876.3 1956.93
402 876.3 1956.93
383 876.3 1956.93
399 876.3 1956.93
417 876.3 1956.93
485 876.3 1956.93
384 876.3 1956.93
390 876.3 1956.93
397 876.3 1956.93
388 876.3 1956.93
399 876.3 1956.93
419 876.3 1956.93
402 876.3 1956.93
388 876.3 1956.93
381 876.3 1956.93
396 876.3 1956.93
381 876.3 1956.93
426 876.3 1956.93
393 876.3 1956.93
489 876.3 1956.93
395 876.3 1956.93
388 876.3 1956.93
7344 876.3 1956.93
11735 876.3 1956.93
397 876.3 1956.93
382 876.3 1956.93
545 876.3 1956.93
377 876.3 1956.93
385 876.3 1956.93
384 876.3 1956.93
387 876.3 1956.93
398 876.3 1956.93
409 876.3 1956.93
399 876.3 1956.93
