103 97.22 29.5109
100 97.22 29.5109
88 97.22 29.5109
86 97.22 29.5109
84 97.22 29.5109
84 97.22 29.5109
101 97.22 29.5109
89 97.22 29.5109
94 97.22 29.5109
85 97.22 29.5109
85 97.22 29.5109
84 97.22 29.5109
85 97.22 29.5109
85 97.22 29.5109
85 97.22 29.5109
84 97.22 29.5109
83 97.22 29.5109
84 97.22 29.5109
84 97.22 29.5109
85 97.22 29.5109
86 97.22 29.5109
85 97.22 29.5109
85 97.22 29.5109
87 97.22 29.5109
91 97.22 29.5109
83 97.22 29.5109
83 97.22 29.5109
84 97.22 29.5109
84 97.22 29.5109
85 97.22 29.5109
85 97.22 29.5109
83 97.22 29.5109
90 97.22 29.5109
98 97.22 29.5109
203 97.22 29.5109
97 97.22 29.5109
84 97.22 29.5109
83 97.22 29.5109
161 97.22 29.5109
83 97.22 29.5109
84 97.22 29.5109
197 97.22 29.5109
195 97.22 29.5109
91 97.22 29.5109
87 97.22 29.5109
152 97.22 29.5109
113 97.22 29.5109
89 97.22 29.5109
88 97.22 29.5109
87 97.22 29.5109
