72 59.9 18.6228
59 59.9 18.6228
57 59.9 18.6228
59 59.9 18.6228
56 59.9 18.6228
55 59.9 18.6228
55 59.9 18.6228
53 59.9 18.6228
59 59.9 18.6228
54 59.9 18.6228
53 59.9 18.6228
55 59.9 18.6228
169 59.9 18.6228
54 59.9 18.6228
53 59.9 18.6228
53 59.9 18.6228
56 59.9 18.6228
54 59.9 18.6228
54 59.9 18.6228
54 59.9 18.6228
54 59.9 18.6228
53 59.9 18.6228
53 59.9 18.6228
55 59.9 18.6228
54 59.9 18.6228
54 59.9 18.6228
55 59.9 18.6228
53 59.9 18.6228
55 59.9 18.6228
54 59.9 18.6228
55 59.9 18.6228
68 59.9 18.6228
57 59.9 18.6228
54 59.9 18.6228
54 59.9 18.6228
54 59.9 18.6228
54 59.9 18.6228
53 59.9 18.6228
53 59.9 18.6228
53 59.9 18.6228
54 59.9 18.6228
54 59.9 18.6228
53 59.9 18.6228
54 59.9 18.6228
85 59.9 18.6228
55 59.9 18.6228
103 59.9 18.6228
56 59.9 18.6228
97 59.9 18.6228
55 59.9 18.6228
