17084 19373.5 3782.55
29795 19373.5 3782.55
17079 19373.5 3782.55
18508 19373.5 3782.55
16812 19373.5 3782.55
27902 19373.5 3782.55
18083 19373.5 3782.55
17242 19373.5 3782.55
17940 19373.5 3782.55
22709 19373.5 3782.55
17316 19373.5 3782.55
18153 19373.5 3782.55
18320 19373.5 3782.55
17484 19373.5 3782.55
16804 19373.5 3782.55
17422 19373.5 3782.55
25889 19373.5 3782.55
17611 19373.5 3782.55
17588 19373.5 3782.55
17323 19373.5 3782.55
17780 19373.5 3782.55
16923 19373.5 3782.55
17087 19373.5 3782.55
18024 19373.5 3782.55
17403 19373.5 3782.55
21425 19373.5 3782.55
25666 19373.5 3782.55
17294 19373.5 3782.55
16900 19373.5 3782.55
17471 19373.5 3782.55
17550 19373.5 3782.55
17197 19373.5 3782.55
16872 19373.5 3782.55
17087 19373.5 3782.55
21900 19373.5 3782.55
18116 19373.5 3782.55
18865 19373.5 3782.55
27556 19373.5 3782.55
17457 19373.5 3782.55
17008 19373.5 3782.55
17452 19373.5 3782.55
20746 19373.5 3782.55
17351 19373.5 3782.55
23077 19373.5 3782.55
17385 19373.5 3782.55
17845 19373.5 3782.55
16616 19373.5 3782.55
17427 19373.5 3782.55
26538 19373.5 3782.55
31594 19373.5 3782.55
