316 787.54 3139.75
283 787.54 3139.75
291 787.54 3139.75
282 787.54 3139.75
284 787.54 3139.75
286 787.54 3139.75
280 787.54 3139.75
279 787.54 3139.75
22755 787.54 3139.75
319 787.54 3139.75
301 787.54 3139.75
274 787.54 3139.75
286 787.54 3139.75
380 787.54 3139.75
277 787.54 3139.75
285 787.54 3139.75
280 787.54 3139.75
292 787.54 3139.75
269 787.54 3139.75
522 787.54 3139.75
613 787.54 3139.75
507 787.54 3139.75
505 787.54 3139.75
502 787.54 3139.75
516 787.54 3139.75
518 787.54 3139.75
575 787.54 3139.75
516 787.54 3139.75
514 787.54 3139.75
318 787.54 3139.75
286 787.54 3139.75
288 787.54 3139.75
295 787.54 3139.75
295 787.54 3139.75
358 787.54 3139.75
283 787.54 3139.75
273 787.54 3139.75
278 787.54 3139.75
271 787.54 3139.75
276 787.54 3139.75
306 787.54 3139.75
301 787.54 3139.75
277 787.54 3139.75
285 787.54 3139.75
300 787.54 3139.75
276 787.54 3139.75
274 787.54 3139.75
282 787.54 3139.75
278 787.54 3139.75
270 787.54 3139.75
