18495 4430.74 3423.7
4455 4430.74 3423.7
4519 4430.74 3423.7
3030 4430.74 3423.7
5457 4430.74 3423.7
6438 4430.74 3423.7
18929 4430.74 3423.7
5152 4430.74 3423.7
3999 4430.74 3423.7
5280 4430.74 3423.7
3219 4430.74 3423.7
2855 4430.74 3423.7
3359 4430.74 3423.7
2606 4430.74 3423.7
2510 4430.74 3423.7
2611 4430.74 3423.7
4122 4430.74 3423.7
3027 4430.74 3423.7
2637 4430.74 3423.7
7573 4430.74 3423.7
2850 4430.74 3423.7
2743 4430.74 3423.7
5071 4430.74 3423.7
3078 4430.74 3423.7
4468 4430.74 3423.7
6459 4430.74 3423.7
5962 4430.74 3423.7
2578 4430.74 3423.7
10627 4430.74 3423.7
4402 4430.74 3423.7
2784 4430.74 3423.7
2769 4430.74 3423.7
2676 4430.74 3423.7
2623 4430.74 3423.7
2485 4430.74 3423.7
2593 4430.74 3423.7
2608 4430.74 3423.7
2553 4430.74 3423.7
2610 4430.74 3423.7
2536 4430.74 3423.7
2580 4430.74 3423.7
2470 4430.74 3423.7
2726 4430.74 3423.7
7827 4430.74 3423.7
2550 4430.74 3423.7
2588 4430.74 3423.7
2837 4430.74 3423.7
7983 4430.74 3423.7
2585 4430.74 3423.7
2643 4430.74 3423.7
