13680 17267.8 7129.17
14120 17267.8 7129.17
49299 17267.8 7129.17
16703 17267.8 7129.17
14060 17267.8 7129.17
14145 17267.8 7129.17
41445 17267.8 7129.17
16255 17267.8 7129.17
24852 17267.8 7129.17
14509 17267.8 7129.17
14119 17267.8 7129.17
13414 17267.8 7129.17
13546 17267.8 7129.17
13454 17267.8 7129.17
23760 17267.8 7129.17
13476 17267.8 7129.17
15853 17267.8 7129.17
13460 17267.8 7129.17
16605 17267.8 7129.17
13990 17267.8 7129.17
19645 17267.8 7129.17
13348 17267.8 7129.17
13468 17267.8 7129.17
22911 17267.8 7129.17
13749 17267.8 7129.17
13916 17267.8 7129.17
13677 17267.8 7129.17
13513 17267.8 7129.17
13989 17267.8 7129.17
13910 17267.8 7129.17
13403 17267.8 7129.17
30390 17267.8 7129.17
14672 17267.8 7129.17
13742 17267.8 7129.17
13703 17267.8 7129.17
14093 17267.8 7129.17
23265 17267.8 7129.17
23090 17267.8 7129.17
25134 17267.8 7129.17
22782 17267.8 7129.17
14228 17267.8 7129.17
13865 17267.8 7129.17
13216 17267.8 7129.17
13507 17267.8 7129.17
13804 17267.8 7129.17
13524 17267.8 7129.17
13282 17267.8 7129.17
13835 17267.8 7129.17
23225 17267.8 7129.17
13757 17267.8 7129.17
