6851 6649.86 5037.36
6062 6649.86 5037.36
6950 6649.86 5037.36
4025 6649.86 5037.36
7277 6649.86 5037.36
4593 6649.86 5037.36
7239 6649.86 5037.36
14593 6649.86 5037.36
4547 6649.86 5037.36
6005 6649.86 5037.36
4054 6649.86 5037.36
3871 6649.86 5037.36
3927 6649.86 5037.36
3889 6649.86 5037.36
3888 6649.86 5037.36
3925 6649.86 5037.36
4129 6649.86 5037.36
3882 6649.86 5037.36
3929 6649.86 5037.36
3841 6649.86 5037.36
4149 6649.86 5037.36
4095 6649.86 5037.36
3899 6649.86 5037.36
4037 6649.86 5037.36
3941 6649.86 5037.36
3813 6649.86 5037.36
3850 6649.86 5037.36
3993 6649.86 5037.36
3869 6649.86 5037.36
5474 6649.86 5037.36
3977 6649.86 5037.36
8547 6649.86 5037.36
8497 6649.86 5037.36
16994 6649.86 5037.36
5149 6649.86 5037.36
3988 6649.86 5037.36
4122 6649.86 5037.36
3941 6649.86 5037.36
9072 6649.86 5037.36
7278 6649.86 5037.36
8835 6649.86 5037.36
23939 6649.86 5037.36
23593 6649.86 5037.36
3942 6649.86 5037.36
4314 6649.86 5037.36
20952 6649.86 5037.36
14880 6649.86 5037.36
3977 6649.86 5037.36
3989 6649.86 5037.36
3910 6649.86 5037.36
