29786 25829.4 6441.42
46808 25829.4 6441.42
23928 25829.4 6441.42
32527 25829.4 6441.42
38306 25829.4 6441.42
22124 25829.4 6441.42
22391 25829.4 6441.42
21171 25829.4 6441.42
21372 25829.4 6441.42
22528 25829.4 6441.42
21406 25829.4 6441.42
21653 25829.4 6441.42
30279 25829.4 6441.42
21298 25829.4 6441.42
21903 25829.4 6441.42
22984 25829.4 6441.42
21528 25829.4 6441.42
21366 25829.4 6441.42
24068 25829.4 6441.42
40581 25829.4 6441.42
27144 25829.4 6441.42
22233 25829.4 6441.42
35191 25829.4 6441.42
39925 25829.4 6441.42
21603 25829.4 6441.42
21762 25829.4 6441.42
31805 25829.4 6441.42
21767 25829.4 6441.42
21217 25829.4 6441.42
23548 25829.4 6441.42
21708 25829.4 6441.42
21629 25829.4 6441.42
24300 25829.4 6441.42
21069 25829.4 6441.42
21860 25829.4 6441.42
34204 25829.4 6441.42
21340 25829.4 6441.42
22196 25829.4 6441.42
34790 25829.4 6441.42
21838 25829.4 6441.42
21631 25829.4 6441.42
31655 25829.4 6441.42
22086 25829.4 6441.42
21665 25829.4 6441.42
33237 25829.4 6441.42
22033 25829.4 6441.42
21366 25829.4 6441.42
34970 25829.4 6441.42
21652 25829.4 6441.42
22038 25829.4 6441.42
