113 43.56 27.5312
80 43.56 27.5312
78 43.56 27.5312
71 43.56 27.5312
57 43.56 27.5312
55 43.56 27.5312
56 43.56 27.5312
55 43.56 27.5312
55 43.56 27.5312
32 43.56 27.5312
31 43.56 27.5312
30 43.56 27.5312
30 43.56 27.5312
164 43.56 27.5312
31 43.56 27.5312
31 43.56 27.5312
32 43.56 27.5312
31 43.56 27.5312
32 43.56 27.5312
31 43.56 27.5312
31 43.56 27.5312
31 43.56 27.5312
30 43.56 27.5312
32 43.56 27.5312
31 43.56 27.5312
30 43.56 27.5312
30 43.56 27.5312
31 43.56 27.5312
31 43.56 27.5312
31 43.56 27.5312
33 43.56 27.5312
31 43.56 27.5312
31 43.56 27.5312
31 43.56 27.5312
31 43.56 27.5312
31 43.56 27.5312
30 43.56 27.5312
30 43.56 27.5312
32 43.56 27.5312
31 43.56 27.5312
31 43.56 27.5312
31 43.56 27.5312
31 43.56 27.5312
31 43.56 27.5312
30 43.56 27.5312
31 43.56 27.5312
31 43.56 27.5312
135 43.56 27.5312
57 43.56 27.5312
56 43.56 27.5312
