27 22.34 40.7969
72 22.34 40.7969
300 22.34 40.7969
16 22.34 40.7969
15 22.34 40.7969
18 22.34 40.7969
15 22.34 40.7969
14 22.34 40.7969
17 22.34 40.7969
24 22.34 40.7969
14 22.34 40.7969
14 22.34 40.7969
15 22.34 40.7969
14 22.34 40.7969
14 22.34 40.7969
14 22.34 40.7969
14 22.34 40.7969
14 22.34 40.7969
16 22.34 40.7969
14 22.34 40.7969
14 22.34 40.7969
14 22.34 40.7969
14 22.34 40.7969
14 22.34 40.7969
14 22.34 40.7969
16 22.34 40.7969
14 22.34 40.7969
14 22.34 40.7969
14 22.34 40.7969
15 22.34 40.7969
13 22.34 40.7969
13 22.34 40.7969
13 22.34 40.7969
13 22.34 40.7969
13 22.34 40.7969
16 22.34 40.7969
15 22.34 40.7969
48 22.34 40.7969
14 22.34 40.7969
16 22.34 40.7969
13 22.34 40.7969
21 22.34 40.7969
14 22.34 40.7969
13 22.34 40.7969
13 22.34 40.7969
13 22.34 40.7969
13 22.34 40.7969
13 22.34 40.7969
13 22.34 40.7969
13 22.34 40.7969
