10076 2805.44 2473.83
3005 2805.44 2473.83
1538 2805.44 2473.83
1511 2805.44 2473.83
1719 2805.44 2473.83
2910 2805.44 2473.83
2820 2805.44 2473.83
1563 2805.44 2473.83
1747 2805.44 2473.83
1490 2805.44 2473.83
1587 2805.44 2473.83
1467 2805.44 2473.83
8569 2805.44 2473.83
2775 2805.44 2473.83
3233 2805.44 2473.83
1509 2805.44 2473.83
1815 2805.44 2473.83
1524 2805.44 2473.83
1519 2805.44 2473.83
1625 2805.44 2473.83
1502 2805.44 2473.83
1486 2805.44 2473.83
1491 2805.44 2473.83
1487 2805.44 2473.83
1757 2805.44 2473.83
14147 2805.44 2473.83
4509 2805.44 2473.83
1566 2805.44 2473.83
1592 2805.44 2473.83
1595 2805.44 2473.83
1772 2805.44 2473.83
2158 2805.44 2473.83
1532 2805.44 2473.83
1525 2805.44 2473.83
1730 2805.44 2473.83
1516 2805.44 2473.83
3338 2805.44 2473.83
1847 2805.44 2473.83
9371 2805.44 2473.83
1954 2805.44 2473.83
3997 2805.44 2473.83
1769 2805.44 2473.83
2116 2805.44 2473.83
2952 2805.44 2473.83
2872 2805.44 2473.83
2780 2805.44 2473.83
2713 2805.44 2473.83
2763 2805.44 2473.83
2874 2805.44 2473.83
3559 2805.44 2473.83
