74511 50611.6 10684.3
42305 50611.6 10684.3
68447 50611.6 10684.3
37676 50611.6 10684.3
39530 50611.6 10684.3
49284 50611.6 10684.3
49684 50611.6 10684.3
67159 50611.6 10684.3
40846 50611.6 10684.3
43082 50611.6 10684.3
37790 50611.6 10684.3
65928 50611.6 10684.3
38327 50611.6 10684.3
37743 50611.6 10684.3
38723 50611.6 10684.3
51679 50611.6 10684.3
52897 50611.6 10684.3
43663 50611.6 10684.3
36842 50611.6 10684.3
38990 50611.6 10684.3
38398 50611.6 10684.3
52262 50611.6 10684.3
63720 50611.6 10684.3
42422 50611.6 10684.3
58383 50611.6 10684.3
60761 50611.6 10684.3
37771 50611.6 10684.3
47661 50611.6 10684.3
43321 50611.6 10684.3
59880 50611.6 10684.3
46206 50611.6 10684.3
42399 50611.6 10684.3
42315 50611.6 10684.3
58445 50611.6 10684.3
43040 50611.6 10684.3
59640 50611.6 10684.3
64214 50611.6 10684.3
68684 50611.6 10684.3
52559 50611.6 10684.3
39897 50611.6 10684.3
54462 50611.6 10684.3
46491 50611.6 10684.3
51398 50611.6 10684.3
69491 50611.6 10684.3
53066 50611.6 10684.3
46110 50611.6 10684.3
62761 50611.6 10684.3
63106 50611.6 10684.3
43101 50611.6 10684.3
63512 50611.6 10684.3
