305 156.86 91.4116
695 156.86 91.4116
270 156.86 91.4116
239 156.86 91.4116
307 156.86 91.4116
128 156.86 91.4116
144 156.86 91.4116
159 156.86 91.4116
122 156.86 91.4116
122 156.86 91.4116
122 156.86 91.4116
122 156.86 91.4116
122 156.86 91.4116
124 156.86 91.4116
121 156.86 91.4116
123 156.86 91.4116
133 156.86 91.4116
122 156.86 91.4116
122 156.86 91.4116
120 156.86 91.4116
122 156.86 91.4116
145 156.86 91.4116
122 156.86 91.4116
121 156.86 91.4116
130 156.86 91.4116
155 156.86 91.4116
216 156.86 91.4116
132 156.86 91.4116
264 156.86 91.4116
121 156.86 91.4116
128 156.86 91.4116
122 156.86 91.4116
151 156.86 91.4116
123 156.86 91.4116
121 156.86 91.4116
124 156.86 91.4116
122 156.86 91.4116
122 156.86 91.4116
122 156.86 91.4116
123 156.86 91.4116
124 156.86 91.4116
237 156.86 91.4116
124 156.86 91.4116
121 156.86 91.4116
120 156.86 91.4116
122 156.86 91.4116
122 156.86 91.4116
121 156.86 91.4116
123 156.86 91.4116
121 156.86 91.4116
