417 541.38 779.862
338 541.38 779.862
339 541.38 779.862
343 541.38 779.862
346 541.38 779.862
750 541.38 779.862
363 541.38 779.862
772 541.38 779.862
4446 541.38 779.862
595 541.38 779.862
466 541.38 779.862
365 541.38 779.862
4217 541.38 779.862
637 541.38 779.862
355 541.38 779.862
388 541.38 779.862
338 541.38 779.862
364 541.38 779.862
345 541.38 779.862
349 541.38 779.862
345 541.38 779.862
348 541.38 779.862
334 541.38 779.862
351 541.38 779.862
341 541.38 779.862
346 541.38 779.862
351 541.38 779.862
347 541.38 779.862
408 541.38 779.862
368 541.38 779.862
342 541.38 779.862
401 541.38 779.862
353 541.38 779.862
357 541.38 779.862
347 541.38 779.862
333 541.38 779.862
349 541.38 779.862
358 541.38 779.862
357 541.38 779.862
338 541.38 779.862
357 541.38 779.862
332 541.38 779.862
343 541.38 779.862
336 541.38 779.862
350 541.38 779.862
341 541.38 779.862
368 541.38 779.862
341 541.38 779.862
357 541.38 779.862
337 541.38 779.862
