65889 69909.6 8446.53
54428 69909.6 8446.53
72216 69909.6 8446.53
72832 69909.6 8446.53
61831 69909.6 8446.53
76176 69909.6 8446.53
58231 69909.6 8446.53
69126 69909.6 8446.53
84375 69909.6 8446.53
64350 69909.6 8446.53
69101 69909.6 8446.53
70937 69909.6 8446.53
85126 69909.6 8446.53
63858 69909.6 8446.53
66624 69909.6 8446.53
79969 69909.6 8446.53
70244 69909.6 8446.53
62335 69909.6 8446.53
78791 69909.6 8446.53
66069 69909.6 8446.53
68852 69909.6 8446.53
73539 69909.6 8446.53
61056 69909.6 8446.53
65512 69909.6 8446.53
76676 69909.6 8446.53
72168 69909.6 8446.53
61907 69909.6 8446.53
76141 69909.6 8446.53
69665 69909.6 8446.53
64072 69909.6 8446.53
75325 69909.6 8446.53
77074 69909.6 8446.53
71679 69909.6 8446.53
60073 69909.6 8446.53
83001 69909.6 8446.53
65823 69909.6 8446.53
54506 69909.6 8446.53
80346 69909.6 8446.53
78452 69909.6 8446.53
72030 69909.6 8446.53
65855 69909.6 8446.53
66025 69909.6 8446.53
66664 69909.6 8446.53
81912 69909.6 8446.53
61730 69909.6 8446.53
56831 69909.6 8446.53
93089 69909.6 8446.53
73134 69909.6 8446.53
74109 69909.6 8446.53
55724 69909.6 8446.53
