950639 955183 85292.8
962342 955183 85292.8
930962 955183 85292.8
966600 955183 85292.8
953723 955183 85292.8
990797 955183 85292.8
974722 955183 85292.8
962690 955183 85292.8
952500 955183 85292.8
929878 955183 85292.8
904399 955183 85292.8
1.00374e+06 955183 85292.8
920562 955183 85292.8
979073 955183 85292.8
961225 955183 85292.8
978931 955183 85292.8
966418 955183 85292.8
993311 955183 85292.8
945665 955183 85292.8
976049 955183 85292.8
940259 955183 85292.8
924191 955183 85292.8
954462 955183 85292.8
973065 955183 85292.8
953936 955183 85292.8
967891 955183 85292.8
945142 955183 85292.8
999990 955183 85292.8
998386 955183 85292.8
931843 955183 85292.8
978697 955183 85292.8
986670 955183 85292.8
1.08706e+06 955183 85292.8
1.18828e+06 955183 85292.8
960238 955183 85292.8
938419 955183 85292.8
749854 955183 85292.8
740539 955183 85292.8
773433 955183 85292.8
720249 955183 85292.8
892195 955183 85292.8
767917 955183 85292.8
1.03598e+06 955183 85292.8
1.11537e+06 955183 85292.8
1.00088e+06 955183 85292.8
1.08509e+06 955183 85292.8
992408 955183 85292.8
992171 955183 85292.8
960452 955183 85292.8
999837 955183 85292.8
