143652 111194 11000.2
108427 111194 11000.2
103715 111194 11000.2
128098 111194 11000.2
107203 111194 11000.2
125017 111194 11000.2
96042 111194 11000.2
96167 111194 11000.2
103756 111194 11000.2
114798 111194 11000.2
116387 111194 11000.2
119275 111194 11000.2
121339 111194 11000.2
110046 111194 11000.2
100461 111194 11000.2
105479 111194 11000.2
100643 111194 11000.2
117651 111194 11000.2
100266 111194 11000.2
113213 111194 11000.2
119246 111194 11000.2
105215 111194 11000.2
112180 111194 11000.2
112823 111194 11000.2
97595 111194 11000.2
109471 111194 11000.2
119617 111194 11000.2
114417 111194 11000.2
129089 111194 11000.2
97845 111194 11000.2
102892 111194 11000.2
97415 111194 11000.2
120297 111194 11000.2
108817 111194 11000.2
115538 111194 11000.2
123122 111194 11000.2
113508 111194 11000.2
99322 111194 11000.2
101487 111194 11000.2
101710 111194 11000.2
100637 111194 11000.2
119194 111194 11000.2
107441 111194 11000.2
114507 111194 11000.2
127734 111194 11000.2
91844 111194 11000.2
94800 111194 11000.2
126602 111194 11000.2
123112 111194 11000.2
120589 111194 11000.2
