2031 1256.6 2196.31
854 1256.6 2196.31
733 1256.6 2196.31
1354 1256.6 2196.31
665 1256.6 2196.31
675 1256.6 2196.31
3018 1256.6 2196.31
3385 1256.6 2196.31
1133 1256.6 2196.31
800 1256.6 2196.31
677 1256.6 2196.31
672 1256.6 2196.31
723 1256.6 2196.31
816 1256.6 2196.31
746 1256.6 2196.31
734 1256.6 2196.31
698 1256.6 2196.31
754 1256.6 2196.31
759 1256.6 2196.31
16197 1256.6 2196.31
1398 1256.6 2196.31
1088 1256.6 2196.31
1182 1256.6 2196.31
936 1256.6 2196.31
780 1256.6 2196.31
741 1256.6 2196.31
750 1256.6 2196.31
780 1256.6 2196.31
740 1256.6 2196.31
815 1256.6 2196.31
832 1256.6 2196.31
931 1256.6 2196.31
737 1256.6 2196.31
757 1256.6 2196.31
721 1256.6 2196.31
759 1256.6 2196.31
721 1256.6 2196.31
665 1256.6 2196.31
953 1256.6 2196.31
1106 1256.6 2196.31
1026 1256.6 2196.31
776 1256.6 2196.31
752 1256.6 2196.31
998 1256.6 2196.31
752 1256.6 2196.31
699 1256.6 2196.31
703 1256.6 2196.31
757 1256.6 2196.31
736 1256.6 2196.31
815 1256.6 2196.31
