10849 6137.36 2804.51
13476 6137.36 2804.51
10538 6137.36 2804.51
9542 6137.36 2804.51
7328 6137.36 2804.51
12402 6137.36 2804.51
4735 6137.36 2804.51
3522 6137.36 2804.51
11828 6137.36 2804.51
4763 6137.36 2804.51
3405 6137.36 2804.51
8943 6137.36 2804.51
4592 6137.36 2804.51
4735 6137.36 2804.51
3671 6137.36 2804.51
7346 6137.36 2804.51
4258 6137.36 2804.51
4281 6137.36 2804.51
3990 6137.36 2804.51
5075 6137.36 2804.51
3247 6137.36 2804.51
3827 6137.36 2804.51
4819 6137.36 2804.51
3811 6137.36 2804.51
7845 6137.36 2804.51
4833 6137.36 2804.51
4058 6137.36 2804.51
7304 6137.36 2804.51
8936 6137.36 2804.51
5858 6137.36 2804.51
4871 6137.36 2804.51
4888 6137.36 2804.51
4959 6137.36 2804.51
5266 6137.36 2804.51
5333 6137.36 2804.51
4052 6137.36 2804.51
7033 6137.36 2804.51
3978 6137.36 2804.51
5692 6137.36 2804.51
5558 6137.36 2804.51
4682 6137.36 2804.51
5265 6137.36 2804.51
3919 6137.36 2804.51
3962 6137.36 2804.51
4576 6137.36 2804.51
9600 6137.36 2804.51
4870 6137.36 2804.51
4735 6137.36 2804.51
14818 6137.36 2804.51
4994 6137.36 2804.51
