14308 9123.84 4000.83
19388 9123.84 4000.83
10312 9123.84 4000.83
7448 9123.84 4000.83
5458 9123.84 4000.83
6472 9123.84 4000.83
18307 9123.84 4000.83
8092 9123.84 4000.83
6245 9123.84 4000.83
9707 9123.84 4000.83
9276 9123.84 4000.83
20900 9123.84 4000.83
8061 9123.84 4000.83
6541 9123.84 4000.83
7075 9123.84 4000.83
8028 9123.84 4000.83
5599 9123.84 4000.83
6986 9123.84 4000.83
7468 9123.84 4000.83
7766 9123.84 4000.83
8962 9123.84 4000.83
7839 9123.84 4000.83
8219 9123.84 4000.83
14413 9123.84 4000.83
8135 9123.84 4000.83
21432 9123.84 4000.83
12049 9123.84 4000.83
6301 9123.84 4000.83
7348 9123.84 4000.83
9204 9123.84 4000.83
9176 9123.84 4000.83
7694 9123.84 4000.83
7597 9123.84 4000.83
5970 9123.84 4000.83
5756 9123.84 4000.83
6713 9123.84 4000.83
6207 9123.84 4000.83
13105 9123.84 4000.83
7785 9123.84 4000.83
17593 9123.84 4000.83
7822 9123.84 4000.83
7311 9123.84 4000.83
7276 9123.84 4000.83
6968 9123.84 4000.83
7621 9123.84 4000.83
6643 9123.84 4000.83
6836 9123.84 4000.83
5857 9123.84 4000.83
8182 9123.84 4000.83
6741 9123.84 4000.83
