2289 3295.3 2908.35
1872 3295.3 2908.35
12869 3295.3 2908.35
7495 3295.3 2908.35
3465 3295.3 2908.35
2281 3295.3 2908.35
1986 3295.3 2908.35
11362 3295.3 2908.35
4540 3295.3 2908.35
2935 3295.3 2908.35
1961 3295.3 2908.35
2360 3295.3 2908.35
2054 3295.3 2908.35
1870 3295.3 2908.35
2314 3295.3 2908.35
1991 3295.3 2908.35
2081 3295.3 2908.35
1979 3295.3 2908.35
1902 3295.3 2908.35
2142 3295.3 2908.35
1841 3295.3 2908.35
2470 3295.3 2908.35
10240 3295.3 2908.35
4215 3295.3 2908.35
3038 3295.3 2908.35
6856 3295.3 2908.35
2619 3295.3 2908.35
1948 3295.3 2908.35
3971 3295.3 2908.35
3313 3295.3 2908.35
1905 3295.3 2908.35
2388 3295.3 2908.35
1975 3295.3 2908.35
2063 3295.3 2908.35
1808 3295.3 2908.35
1928 3295.3 2908.35
1816 3295.3 2908.35
1973 3295.3 2908.35
2002 3295.3 2908.35
1817 3295.3 2908.35
1897 3295.3 2908.35
2030 3295.3 2908.35
2507 3295.3 2908.35
2031 3295.3 2908.35
2073 3295.3 2908.35
1847 3295.3 2908.35
2158 3295.3 2908.35
1899 3295.3 2908.35
1876 3295.3 2908.35
14513 3295.3 2908.35
