229258 253677 17769.8
295009 253677 17769.8
243258 253677 17769.8
239418 253677 17769.8
303555 253677 17769.8
235980 253677 17769.8
254210 253677 17769.8
218077 253677 17769.8
273099 253677 17769.8
250142 253677 17769.8
252243 253677 17769.8
281192 253677 17769.8
244077 253677 17769.8
267820 253677 17769.8
253074 253677 17769.8
239631 253677 17769.8
231276 253677 17769.8
262463 253677 17769.8
251906 253677 17769.8
240947 253677 17769.8
255451 253677 17769.8
252370 253677 17769.8
266569 253677 17769.8
235007 253677 17769.8
256820 253677 17769.8
257257 253677 17769.8
271861 253677 17769.8
236152 253677 17769.8
277560 253677 17769.8
254965 253677 17769.8
297134 253677 17769.8
240725 253677 17769.8
234572 253677 17769.8
253027 253677 17769.8
242980 253677 17769.8
251994 253677 17769.8
266912 253677 17769.8
251485 253677 17769.8
250425 253677 17769.8
258654 253677 17769.8
233743 253677 17769.8
236421 253677 17769.8
241385 253677 17769.8
250667 253677 17769.8
233237 253677 17769.8
250423 253677 17769.8
281722 253677 17769.8
256908 253677 17769.8
255780 253677 17769.8
265023 253677 17769.8
