1155 819.48 52.5841
773 819.48 52.5841
823 819.48 52.5841
775 819.48 52.5841
776 819.48 52.5841
776 819.48 52.5841
778 819.48 52.5841
799 819.48 52.5841
801 819.48 52.5841
819 819.48 52.5841
793 819.48 52.5841
826 819.48 52.5841
812 819.48 52.5841
789 819.48 52.5841
809 819.48 52.5841
885 819.48 52.5841
789 819.48 52.5841
841 819.48 52.5841
810 819.48 52.5841
823 819.48 52.5841
824 819.48 52.5841
804 819.48 52.5841
797 819.48 52.5841
810 819.48 52.5841
810 819.48 52.5841
812 819.48 52.5841
799 819.48 52.5841
829 819.48 52.5841
823 819.48 52.5841
838 819.48 52.5841
831 819.48 52.5841
861 819.48 52.5841
825 819.48 52.5841
797 819.48 52.5841
815 819.48 52.5841
806 819.48 52.5841
801 819.48 52.5841
809 819.48 52.5841
817 819.48 52.5841
822 819.48 52.5841
806 819.48 52.5841
825 819.48 52.5841
843 819.48 52.5841
802 819.48 52.5841
821 819.48 52.5841
795 819.48 52.5841
835 819.48 52.5841
806 819.48 52.5841
844 819.48 52.5841
815 819.48 52.5841
