912773 860593 24390.7
865886 860593 24390.7
850497 860593 24390.7
847982 860593 24390.7
869538 860593 24390.7
878844 860593 24390.7
846244 860593 24390.7
856394 860593 24390.7
824441 860593 24390.7
844794 860593 24390.7
834267 860593 24390.7
829987 860593 24390.7
841836 860593 24390.7
849399 860593 24390.7
859037 860593 24390.7
846666 860593 24390.7
843427 860593 24390.7
852370 860593 24390.7
855505 860593 24390.7
853672 860593 24390.7
855040 860593 24390.7
839031 860593 24390.7
849804 860593 24390.7
823785 860593 24390.7
853520 860593 24390.7
862004 860593 24390.7
865917 860593 24390.7
855445 860593 24390.7
872591 860593 24390.7
875193 860593 24390.7
946716 860593 24390.7
865974 860593 24390.7
878720 860593 24390.7
859467 860593 24390.7
859989 860593 24390.7
860708 860593 24390.7
852763 860593 24390.7
865468 860593 24390.7
849299 860593 24390.7
847217 860593 24390.7
843824 860593 24390.7
871712 860593 24390.7
855720 860593 24390.7
855992 860593 24390.7
829990 860593 24390.7
854006 860593 24390.7
869287 860593 24390.7
911818 860593 24390.7
900479 860593 24390.7
934633 860593 24390.7
