51662 52219.8 1168.32
51548 52219.8 1168.32
52501 52219.8 1168.32
51985 52219.8 1168.32
52305 52219.8 1168.32
52011 52219.8 1168.32
55589 52219.8 1168.32
51622 52219.8 1168.32
52001 52219.8 1168.32
52079 52219.8 1168.32
50202 52219.8 1168.32
50301 52219.8 1168.32
50847 52219.8 1168.32
51227 52219.8 1168.32
51476 52219.8 1168.32
51748 52219.8 1168.32
51705 52219.8 1168.32
51786 52219.8 1168.32
51804 52219.8 1168.32
52530 52219.8 1168.32
52140 52219.8 1168.32
51885 52219.8 1168.32
52220 52219.8 1168.32
51896 52219.8 1168.32
51584 52219.8 1168.32
51692 52219.8 1168.32
51809 52219.8 1168.32
51917 52219.8 1168.32
51803 52219.8 1168.32
52582 52219.8 1168.32
52031 52219.8 1168.32
52343 52219.8 1168.32
52792 52219.8 1168.32
52431 52219.8 1168.32
52063 52219.8 1168.32
52260 52219.8 1168.32
53628 52219.8 1168.32
52826 52219.8 1168.32
53145 52219.8 1168.32
53850 52219.8 1168.32
52410 52219.8 1168.32
57868 52219.8 1168.32
52670 52219.8 1168.32
52935 52219.8 1168.32
52500 52219.8 1168.32
52235 52219.8 1168.32
52173 52219.8 1168.32
50588 52219.8 1168.32
51960 52219.8 1168.32
51827 52219.8 1168.32
