109 162.88 659.46
105 162.88 659.46
99 162.88 659.46
65 162.88 659.46
218 162.88 659.46
86 162.88 659.46
62 162.88 659.46
59 162.88 659.46
61 162.88 659.46
79 162.88 659.46
64 162.88 659.46
58 162.88 659.46
59 162.88 659.46
59 162.88 659.46
59 162.88 659.46
59 162.88 659.46
58 162.88 659.46
58 162.88 659.46
61 162.88 659.46
68 162.88 659.46
60 162.88 659.46
64 162.88 659.46
66 162.88 659.46
62 162.88 659.46
4776 162.88 659.46
60 162.88 659.46
59 162.88 659.46
61 162.88 659.46
59 162.88 659.46
58 162.88 659.46
67 162.88 659.46
80 162.88 659.46
60 162.88 659.46
61 162.88 659.46
59 162.88 659.46
58 162.88 659.46
58 162.88 659.46
59 162.88 659.46
58 162.88 659.46
61 162.88 659.46
59 162.88 659.46
64 162.88 659.46
65 162.88 659.46
66 162.88 659.46
65 162.88 659.46
68 162.88 659.46
65 162.88 659.46
66 162.88 659.46
69 162.88 659.46
65 162.88 659.46
