2516 2297.48 64.3998
2328 2297.48 64.3998
2228 2297.48 64.3998
2217 2297.48 64.3998
2264 2297.48 64.3998
2585 2297.48 64.3998
2278 2297.48 64.3998
2385 2297.48 64.3998
2295 2297.48 64.3998
2283 2297.48 64.3998
2262 2297.48 64.3998
2290 2297.48 64.3998
2281 2297.48 64.3998
2288 2297.48 64.3998
2288 2297.48 64.3998
2280 2297.48 64.3998
2277 2297.48 64.3998
2292 2297.48 64.3998
2239 2297.48 64.3998
2269 2297.48 64.3998
2264 2297.48 64.3998
2313 2297.48 64.3998
2262 2297.48 64.3998
2291 2297.48 64.3998
2234 2297.48 64.3998
2318 2297.48 64.3998
2271 2297.48 64.3998
2286 2297.48 64.3998
2261 2297.48 64.3998
2274 2297.48 64.3998
2366 2297.48 64.3998
2286 2297.48 64.3998
2267 2297.48 64.3998
2260 2297.48 64.3998
2329 2297.48 64.3998
2290 2297.48 64.3998
2264 2297.48 64.3998
2424 2297.48 64.3998
2294 2297.48 64.3998
2241 2297.48 64.3998
2315 2297.48 64.3998
2303 2297.48 64.3998
2226 2297.48 64.3998
2351 2297.48 64.3998
2295 2297.48 64.3998
2291 2297.48 64.3998
2284 2297.48 64.3998
2277 2297.48 64.3998
2271 2297.48 64.3998
2321 2297.48 64.3998
