2151 1426.42 106.418
1401 1426.42 106.418
1352 1426.42 106.418
1408 1426.42 106.418
1343 1426.42 106.418
1387 1426.42 106.418
1401 1426.42 106.418
1461 1426.42 106.418
1409 1426.42 106.418
1414 1426.42 106.418
1402 1426.42 106.418
1414 1426.42 106.418
1440 1426.42 106.418
1396 1426.42 106.418
1449 1426.42 106.418
1393 1426.42 106.418
1437 1426.42 106.418
1412 1426.42 106.418
1370 1426.42 106.418
1407 1426.42 106.418
1417 1426.42 106.418
1416 1426.42 106.418
1396 1426.42 106.418
1425 1426.42 106.418
1412 1426.42 106.418
1389 1426.42 106.418
1429 1426.42 106.418
1396 1426.42 106.418
1432 1426.42 106.418
1433 1426.42 106.418
1414 1426.42 106.418
1396 1426.42 106.418
1464 1426.42 106.418
1443 1426.42 106.418
1389 1426.42 106.418
1400 1426.42 106.418
1465 1426.42 106.418
1401 1426.42 106.418
1384 1426.42 106.418
1397 1426.42 106.418
1416 1426.42 106.418
1417 1426.42 106.418
1428 1426.42 106.418
1408 1426.42 106.418
1395 1426.42 106.418
1417 1426.42 106.418
1450 1426.42 106.418
1397 1426.42 106.418
1430 1426.42 106.418
1418 1426.42 106.418
