3.02262e+06 3.09218e+06 72415.2
3.17354e+06 3.09218e+06 72415.2
3.16698e+06 3.09218e+06 72415.2
3.16277e+06 3.09218e+06 72415.2
3.08855e+06 3.09218e+06 72415.2
3.08216e+06 3.09218e+06 72415.2
3.0528e+06 3.09218e+06 72415.2
3.17472e+06 3.09218e+06 72415.2
3.14394e+06 3.09218e+06 72415.2
2.96416e+06 3.09218e+06 72415.2
3.01585e+06 3.09218e+06 72415.2
3.02715e+06 3.09218e+06 72415.2
3.11991e+06 3.09218e+06 72415.2
3.06273e+06 3.09218e+06 72415.2
2.99911e+06 3.09218e+06 72415.2
3.00263e+06 3.09218e+06 72415.2
3.00789e+06 3.09218e+06 72415.2
3.0698e+06 3.09218e+06 72415.2
2.99293e+06 3.09218e+06 72415.2
3.054e+06 3.09218e+06 72415.2
3.04671e+06 3.09218e+06 72415.2
3.00767e+06 3.09218e+06 72415.2
3.07172e+06 3.09218e+06 72415.2
3.01209e+06 3.09218e+06 72415.2
3.00419e+06 3.09218e+06 72415.2
3.13344e+06 3.09218e+06 72415.2
3.09488e+06 3.09218e+06 72415.2
3.07241e+06 3.09218e+06 72415.2
3.12472e+06 3.09218e+06 72415.2
3.13247e+06 3.09218e+06 72415.2
3.08534e+06 3.09218e+06 72415.2
3.11738e+06 3.09218e+06 72415.2
3.25688e+06 3.09218e+06 72415.2
3.24141e+06 3.09218e+06 72415.2
3.13677e+06 3.09218e+06 72415.2
3.13741e+06 3.09218e+06 72415.2
3.07262e+06 3.09218e+06 72415.2
3.14416e+06 3.09218e+06 72415.2
3.10906e+06 3.09218e+06 72415.2
3.22295e+06 3.09218e+06 72415.2
3.05202e+06 3.09218e+06 72415.2
3.0667e+06 3.09218e+06 72415.2
3.12663e+06 3.09218e+06 72415.2
3.00231e+06 3.09218e+06 72415.2
2.98966e+06 3.09218e+06 72415.2
3.1858e+06 3.09218e+06 72415.2
3.15306e+06 3.09218e+06 72415.2
3.24191e+06 3.09218e+06 72415.2
3.1423e+06 3.09218e+06 72415.2
3.03984e+06 3.09218e+06 72415.2
