417970 431642 6981.39
419574 431642 6981.39
435170 431642 6981.39
417293 431642 6981.39
420319 431642 6981.39
419735 431642 6981.39
418843 431642 6981.39
419349 431642 6981.39
440710 431642 6981.39
429625 431642 6981.39
426068 431642 6981.39
431564 431642 6981.39
433287 431642 6981.39
433213 431642 6981.39
432836 431642 6981.39
420368 431642 6981.39
428764 431642 6981.39
428728 431642 6981.39
432504 431642 6981.39
439479 431642 6981.39
434307 431642 6981.39
434040 431642 6981.39
433414 431642 6981.39
433239 431642 6981.39
433335 431642 6981.39
436843 431642 6981.39
434870 431642 6981.39
436550 431642 6981.39
441512 431642 6981.39
433790 431642 6981.39
434885 431642 6981.39
436301 431642 6981.39
437669 431642 6981.39
432522 431642 6981.39
435369 431642 6981.39
431800 431642 6981.39
433950 431642 6981.39
436314 431642 6981.39
434942 431642 6981.39
433274 431642 6981.39
433956 431642 6981.39
435043 431642 6981.39
433270 431642 6981.39
434896 431642 6981.39
455925 431642 6981.39
429377 431642 6981.39
427944 431642 6981.39
427416 431642 6981.39
430300 431642 6981.39
429661 431642 6981.39
