1.17951e+06 1.1601e+06 25899.9
1.19304e+06 1.1601e+06 25899.9
1.17326e+06 1.1601e+06 25899.9
1.22552e+06 1.1601e+06 25899.9
1.15044e+06 1.1601e+06 25899.9
1.18977e+06 1.1601e+06 25899.9
1.15034e+06 1.1601e+06 25899.9
1.16218e+06 1.1601e+06 25899.9
1.12577e+06 1.1601e+06 25899.9
1.14086e+06 1.1601e+06 25899.9
1.12266e+06 1.1601e+06 25899.9
1.154e+06 1.1601e+06 25899.9
1.14599e+06 1.1601e+06 25899.9
1.14846e+06 1.1601e+06 25899.9
1.14413e+06 1.1601e+06 25899.9
1.14719e+06 1.1601e+06 25899.9
1.1526e+06 1.1601e+06 25899.9
1.13016e+06 1.1601e+06 25899.9
1.12376e+06 1.1601e+06 25899.9
1.14748e+06 1.1601e+06 25899.9
1.15408e+06 1.1601e+06 25899.9
1.15644e+06 1.1601e+06 25899.9
1.12614e+06 1.1601e+06 25899.9
1.14731e+06 1.1601e+06 25899.9
1.15616e+06 1.1601e+06 25899.9
1.23138e+06 1.1601e+06 25899.9
1.17023e+06 1.1601e+06 25899.9
1.16799e+06 1.1601e+06 25899.9
1.147e+06 1.1601e+06 25899.9
1.17008e+06 1.1601e+06 25899.9
1.24073e+06 1.1601e+06 25899.9
1.18754e+06 1.1601e+06 25899.9
1.16254e+06 1.1601e+06 25899.9
1.14784e+06 1.1601e+06 25899.9
1.14331e+06 1.1601e+06 25899.9
1.17104e+06 1.1601e+06 25899.9
1.14475e+06 1.1601e+06 25899.9
1.1418e+06 1.1601e+06 25899.9
1.14983e+06 1.1601e+06 25899.9
1.14904e+06 1.1601e+06 25899.9
1.15143e+06 1.1601e+06 25899.9
1.1468e+06 1.1601e+06 25899.9
1.19861e+06 1.1601e+06 25899.9
1.16613e+06 1.1601e+06 25899.9
1.17446e+06 1.1601e+06 25899.9
1.16768e+06 1.1601e+06 25899.9
1.19854e+06 1.1601e+06 25899.9
1.15665e+06 1.1601e+06 25899.9
1.1264e+06 1.1601e+06 25899.9
1.14573e+06 1.1601e+06 25899.9
