534 191.04 52.2513
175 191.04 52.2513
172 191.04 52.2513
182 191.04 52.2513
172 191.04 52.2513
172 191.04 52.2513
172 191.04 52.2513
195 191.04 52.2513
173 191.04 52.2513
172 191.04 52.2513
177 191.04 52.2513
179 191.04 52.2513
195 191.04 52.2513
175 191.04 52.2513
193 191.04 52.2513
203 191.04 52.2513
188 191.04 52.2513
196 191.04 52.2513
191 191.04 52.2513
175 191.04 52.2513
172 191.04 52.2513
182 191.04 52.2513
172 191.04 52.2513
177 191.04 52.2513
197 191.04 52.2513
189 191.04 52.2513
175 191.04 52.2513
180 191.04 52.2513
176 191.04 52.2513
180 191.04 52.2513
172 191.04 52.2513
172 191.04 52.2513
180 191.04 52.2513
172 191.04 52.2513
173 191.04 52.2513
188 191.04 52.2513
189 191.04 52.2513
172 191.04 52.2513
175 191.04 52.2513
177 191.04 52.2513
205 191.04 52.2513
181 191.04 52.2513
220 191.04 52.2513
199 191.04 52.2513
187 191.04 52.2513
182 191.04 52.2513
184 191.04 52.2513
172 191.04 52.2513
174 191.04 52.2513
287 191.04 52.2513
