3364 3379.66 38.6893
3318 3379.66 38.6893
3345 3379.66 38.6893
3447 3379.66 38.6893
3390 3379.66 38.6893
3364 3379.66 38.6893
3378 3379.66 38.6893
3338 3379.66 38.6893
3406 3379.66 38.6893
3395 3379.66 38.6893
3374 3379.66 38.6893
3361 3379.66 38.6893
3480 3379.66 38.6893
3303 3379.66 38.6893
3405 3379.66 38.6893
3368 3379.66 38.6893
3421 3379.66 38.6893
3404 3379.66 38.6893
3328 3379.66 38.6893
3388 3379.66 38.6893
3379 3379.66 38.6893
3379 3379.66 38.6893
3330 3379.66 38.6893
3381 3379.66 38.6893
3334 3379.66 38.6893
3450 3379.66 38.6893
3383 3379.66 38.6893
3409 3379.66 38.6893
3417 3379.66 38.6893
3332 3379.66 38.6893
3488 3379.66 38.6893
3386 3379.66 38.6893
3343 3379.66 38.6893
3410 3379.66 38.6893
3347 3379.66 38.6893
3358 3379.66 38.6893
3358 3379.66 38.6893
3422 3379.66 38.6893
3352 3379.66 38.6893
3402 3379.66 38.6893
3369 3379.66 38.6893
3336 3379.66 38.6893
3410 3379.66 38.6893
3409 3379.66 38.6893
3362 3379.66 38.6893
3399 3379.66 38.6893
3372 3379.66 38.6893
3335 3379.66 38.6893
3387 3379.66 38.6893
3367 3379.66 38.6893
