4835 4936.46 524.012
4706 4936.46 524.012
4895 4936.46 524.012
4816 4936.46 524.012
6834 4936.46 524.012
4951 4936.46 524.012
4876 4936.46 524.012
4896 4936.46 524.012
7993 4936.46 524.012
4829 4936.46 524.012
4986 4936.46 524.012
4828 4936.46 524.012
4867 4936.46 524.012
4834 4936.46 524.012
4854 4936.46 524.012
4852 4936.46 524.012
4871 4936.46 524.012
4843 4936.46 524.012
5177 4936.46 524.012
4895 4936.46 524.012
4851 4936.46 524.012
4928 4936.46 524.012
4870 4936.46 524.012
4799 4936.46 524.012
4793 4936.46 524.012
4860 4936.46 524.012
4846 4936.46 524.012
4800 4936.46 524.012
4804 4936.46 524.012
4728 4936.46 524.012
4826 4936.46 524.012
4837 4936.46 524.012
4805 4936.46 524.012
4787 4936.46 524.012
4861 4936.46 524.012
4784 4936.46 524.012
4779 4936.46 524.012
4795 4936.46 524.012
4788 4936.46 524.012
4801 4936.46 524.012
4759 4936.46 524.012
4797 4936.46 524.012
4723 4936.46 524.012
4851 4936.46 524.012
4819 4936.46 524.012
4774 4936.46 524.012
4808 4936.46 524.012
4692 4936.46 524.012
4827 4936.46 524.012
4793 4936.46 524.012
