613706 623157 11475.2
618607 623157 11475.2
611736 623157 11475.2
611939 623157 11475.2
610304 623157 11475.2
610669 623157 11475.2
614613 623157 11475.2
614558 623157 11475.2
616167 623157 11475.2
617722 623157 11475.2
620526 623157 11475.2
622890 623157 11475.2
621393 623157 11475.2
621237 623157 11475.2
625535 623157 11475.2
629950 623157 11475.2
630610 623157 11475.2
627984 623157 11475.2
617651 623157 11475.2
641278 623157 11475.2
628288 623157 11475.2
644762 623157 11475.2
630473 623157 11475.2
613369 623157 11475.2
603690 623157 11475.2
612820 623157 11475.2
621310 623157 11475.2
629210 623157 11475.2
628311 623157 11475.2
647929 623157 11475.2
632703 623157 11475.2
638728 623157 11475.2
649232 623157 11475.2
624131 623157 11475.2
627303 623157 11475.2
629185 623157 11475.2
655832 623157 11475.2
630219 623157 11475.2
617757 623157 11475.2
615722 623157 11475.2
613396 623157 11475.2
615926 623157 11475.2
606316 623157 11475.2
612270 623157 11475.2
618532 623157 11475.2
607705 623157 11475.2
623000 623157 11475.2
624098 623157 11475.2
638920 623157 11475.2
617648 623157 11475.2
