1.54978e+06 1.56032e+06 44492.6
1.54394e+06 1.56032e+06 44492.6
1.55446e+06 1.56032e+06 44492.6
1.5625e+06 1.56032e+06 44492.6
1.56509e+06 1.56032e+06 44492.6
1.68931e+06 1.56032e+06 44492.6
1.53689e+06 1.56032e+06 44492.6
1.52797e+06 1.56032e+06 44492.6
1.53367e+06 1.56032e+06 44492.6
1.5438e+06 1.56032e+06 44492.6
1.52928e+06 1.56032e+06 44492.6
1.55554e+06 1.56032e+06 44492.6
1.5462e+06 1.56032e+06 44492.6
1.55919e+06 1.56032e+06 44492.6
1.74746e+06 1.56032e+06 44492.6
1.57222e+06 1.56032e+06 44492.6
1.59119e+06 1.56032e+06 44492.6
1.64079e+06 1.56032e+06 44492.6
1.56401e+06 1.56032e+06 44492.6
1.54844e+06 1.56032e+06 44492.6
1.57849e+06 1.56032e+06 44492.6
1.5989e+06 1.56032e+06 44492.6
1.55563e+06 1.56032e+06 44492.6
1.49924e+06 1.56032e+06 44492.6
1.55415e+06 1.56032e+06 44492.6
1.58674e+06 1.56032e+06 44492.6
1.57736e+06 1.56032e+06 44492.6
1.54074e+06 1.56032e+06 44492.6
1.56869e+06 1.56032e+06 44492.6
1.54939e+06 1.56032e+06 44492.6
1.548e+06 1.56032e+06 44492.6
1.57763e+06 1.56032e+06 44492.6
1.57304e+06 1.56032e+06 44492.6
1.52474e+06 1.56032e+06 44492.6
1.50219e+06 1.56032e+06 44492.6
1.50315e+06 1.56032e+06 44492.6
1.55224e+06 1.56032e+06 44492.6
1.57409e+06 1.56032e+06 44492.6
1.60611e+06 1.56032e+06 44492.6
1.56941e+06 1.56032e+06 44492.6
1.52654e+06 1.56032e+06 44492.6
1.51385e+06 1.56032e+06 44492.6
1.51212e+06 1.56032e+06 44492.6
1.55528e+06 1.56032e+06 44492.6
1.62114e+06 1.56032e+06 44492.6
1.5569e+06 1.56032e+06 44492.6
1.49427e+06 1.56032e+06 44492.6
1.50457e+06 1.56032e+06 44492.6
1.55091e+06 1.56032e+06 44492.6
1.57867e+06 1.56032e+06 44492.6
