13756 19085.2 6591
18910 19085.2 6591
14990 19085.2 6591
13927 19085.2 6591
19941 19085.2 6591
15088 19085.2 6591
19523 19085.2 6591
14567 19085.2 6591
19795 19085.2 6591
12984 19085.2 6591
15358 19085.2 6591
16416 19085.2 6591
27421 19085.2 6591
20479 19085.2 6591
32730 19085.2 6591
18871 19085.2 6591
19845 19085.2 6591
19563 19085.2 6591
14232 19085.2 6591
19458 19085.2 6591
13686 19085.2 6591
30660 19085.2 6591
14030 19085.2 6591
34431 19085.2 6591
13617 19085.2 6591
43158 19085.2 6591
20515 19085.2 6591
13142 19085.2 6591
13727 19085.2 6591
21750 19085.2 6591
13865 19085.2 6591
13549 19085.2 6591
16526 19085.2 6591
13718 19085.2 6591
13635 19085.2 6591
16408 19085.2 6591
34182 19085.2 6591
24629 19085.2 6591
14173 19085.2 6591
25421 19085.2 6591
13654 19085.2 6591
14245 19085.2 6591
14774 19085.2 6591
14266 19085.2 6591
19540 19085.2 6591
16059 19085.2 6591
24288 19085.2 6591
19401 19085.2 6591
21078 19085.2 6591
24281 19085.2 6591
