5167 3640.84 2334.66
2515 3640.84 2334.66
2773 3640.84 2334.66
2702 3640.84 2334.66
3302 3640.84 2334.66
7679 3640.84 2334.66
2567 3640.84 2334.66
14058 3640.84 2334.66
2971 3640.84 2334.66
2627 3640.84 2334.66
2994 3640.84 2334.66
2908 3640.84 2334.66
11304 3640.84 2334.66
2684 3640.84 2334.66
3194 3640.84 2334.66
2742 3640.84 2334.66
2529 3640.84 2334.66
3981 3640.84 2334.66
2888 3640.84 2334.66
2910 3640.84 2334.66
2726 3640.84 2334.66
2677 3640.84 2334.66
3195 3640.84 2334.66
3128 3640.84 2334.66
2512 3640.84 2334.66
2520 3640.84 2334.66
2788 3640.84 2334.66
2479 3640.84 2334.66
2607 3640.84 2334.66
2581 3640.84 2334.66
2501 3640.84 2334.66
6078 3640.84 2334.66
4841 3640.84 2334.66
2491 3640.84 2334.66
2526 3640.84 2334.66
2549 3640.84 2334.66
2522 3640.84 2334.66
2532 3640.84 2334.66
2476 3640.84 2334.66
2564 3640.84 2334.66
3183 3640.84 2334.66
4390 3640.84 2334.66
2808 3640.84 2334.66
2899 3640.84 2334.66
2706 3640.84 2334.66
4007 3640.84 2334.66
2600 3640.84 2334.66
2760 3640.84 2334.66
3602 3640.84 2334.66
10299 3640.84 2334.66
