1628 2088.38 1245.56
1498 2088.38 1245.56
7545 2088.38 1245.56
1508 2088.38 1245.56
1529 2088.38 1245.56
1485 2088.38 1245.56
2503 2088.38 1245.56
1589 2088.38 1245.56
1752 2088.38 1245.56
1471 2088.38 1245.56
1762 2088.38 1245.56
1518 2088.38 1245.56
1970 2088.38 1245.56
1586 2088.38 1245.56
1492 2088.38 1245.56
1530 2088.38 1245.56
6678 2088.38 1245.56
1514 2088.38 1245.56
1843 2088.38 1245.56
1612 2088.38 1245.56
1532 2088.38 1245.56
1556 2088.38 1245.56
1539 2088.38 1245.56
1563 2088.38 1245.56
1499 2088.38 1245.56
1550 2088.38 1245.56
1809 2088.38 1245.56
1593 2088.38 1245.56
1600 2088.38 1245.56
1607 2088.38 1245.56
1561 2088.38 1245.56
4040 2088.38 1245.56
1515 2088.38 1245.56
1676 2088.38 1245.56
1646 2088.38 1245.56
3864 2088.38 1245.56
1764 2088.38 1245.56
1526 2088.38 1245.56
1583 2088.38 1245.56
1664 2088.38 1245.56
2446 2088.38 1245.56
1540 2088.38 1245.56
1624 2088.38 1245.56
2860 2088.38 1245.56
5113 2088.38 1245.56
1861 2088.38 1245.56
1848 2088.38 1245.56
2017 2088.38 1245.56
1795 2088.38 1245.56
2615 2088.38 1245.56
