44586 43930.6 5949.3
37047 43930.6 5949.3
37600 43930.6 5949.3
37125 43930.6 5949.3
37286 43930.6 5949.3
42089 43930.6 5949.3
42164 43930.6 5949.3
41556 43930.6 5949.3
42716 43930.6 5949.3
53575 43930.6 5949.3
47671 43930.6 5949.3
39558 43930.6 5949.3
37478 43930.6 5949.3
42949 43930.6 5949.3
42080 43930.6 5949.3
42923 43930.6 5949.3
48684 43930.6 5949.3
38180 43930.6 5949.3
49170 43930.6 5949.3
37996 43930.6 5949.3
43334 43930.6 5949.3
42661 43930.6 5949.3
42241 43930.6 5949.3
42269 43930.6 5949.3
37204 43930.6 5949.3
51207 43930.6 5949.3
50281 43930.6 5949.3
44898 43930.6 5949.3
42275 43930.6 5949.3
37370 43930.6 5949.3
48691 43930.6 5949.3
37583 43930.6 5949.3
43125 43930.6 5949.3
42019 43930.6 5949.3
55866 43930.6 5949.3
53180 43930.6 5949.3
38116 43930.6 5949.3
38832 43930.6 5949.3
55174 43930.6 5949.3
50465 43930.6 5949.3
37471 43930.6 5949.3
37305 43930.6 5949.3
49077 43930.6 5949.3
37683 43930.6 5949.3
51729 43930.6 5949.3
45502 43930.6 5949.3
55471 43930.6 5949.3
48328 43930.6 5949.3
56821 43930.6 5949.3
37921 43930.6 5949.3
