5743 7636.16 3539.53
5579 7636.16 3539.53
6106 7636.16 3539.53
8074 7636.16 3539.53
5951 7636.16 3539.53
7714 7636.16 3539.53
6839 7636.16 3539.53
5859 7636.16 3539.53
9290 7636.16 3539.53
5670 7636.16 3539.53
20385 7636.16 3539.53
5729 7636.16 3539.53
5994 7636.16 3539.53
22700 7636.16 3539.53
6592 7636.16 3539.53
5706 7636.16 3539.53
5529 7636.16 3539.53
5680 7636.16 3539.53
6250 7636.16 3539.53
5960 7636.16 3539.53
5634 7636.16 3539.53
5781 7636.16 3539.53
13369 7636.16 3539.53
5790 7636.16 3539.53
10297 7636.16 3539.53
7677 7636.16 3539.53
5999 7636.16 3539.53
6244 7636.16 3539.53
5702 7636.16 3539.53
5677 7636.16 3539.53
11725 7636.16 3539.53
10040 7636.16 3539.53
11041 7636.16 3539.53
5730 7636.16 3539.53
11996 7636.16 3539.53
5596 7636.16 3539.53
5492 7636.16 3539.53
5548 7636.16 3539.53
6079 7636.16 3539.53
6724 7636.16 3539.53
5728 7636.16 3539.53
5601 7636.16 3539.53
10249 7636.16 3539.53
6122 7636.16 3539.53
5902 7636.16 3539.53
5929 7636.16 3539.53
5832 7636.16 3539.53
12733 7636.16 3539.53
7612 7636.16 3539.53
6609 7636.16 3539.53
