68 175.78 813.004
58 175.78 813.004
59 175.78 813.004
60 175.78 813.004
58 175.78 813.004
54 175.78 813.004
54 175.78 813.004
55 175.78 813.004
57 175.78 813.004
54 175.78 813.004
53 175.78 813.004
53 175.78 813.004
64 175.78 813.004
55 175.78 813.004
57 175.78 813.004
55 175.78 813.004
55 175.78 813.004
53 175.78 813.004
53 175.78 813.004
53 175.78 813.004
55 175.78 813.004
53 175.78 813.004
54 175.78 813.004
53 175.78 813.004
71 175.78 813.004
55 175.78 813.004
53 175.78 813.004
57 175.78 813.004
55 175.78 813.004
55 175.78 813.004
55 175.78 813.004
98 175.78 813.004
54 175.78 813.004
64 175.78 813.004
53 175.78 813.004
53 175.78 813.004
53 175.78 813.004
53 175.78 813.004
53 175.78 813.004
54 175.78 813.004
55 175.78 813.004
57 175.78 813.004
62 175.78 813.004
55 175.78 813.004
5866 175.78 813.004
57 175.78 813.004
57 175.78 813.004
67 175.78 813.004
115 175.78 813.004
119 175.78 813.004
