41135 35821.9 8726.35
43647 35821.9 8726.35
40680 35821.9 8726.35
41270 35821.9 8726.35
56265 35821.9 8726.35
50173 35821.9 8726.35
33606 35821.9 8726.35
64181 35821.9 8726.35
32490 35821.9 8726.35
26900 35821.9 8726.35
26995 35821.9 8726.35
26530 35821.9 8726.35
37874 35821.9 8726.35
27360 35821.9 8726.35
43149 35821.9 8726.35
32629 35821.9 8726.35
26622 35821.9 8726.35
27773 35821.9 8726.35
26701 35821.9 8726.35
43117 35821.9 8726.35
32414 35821.9 8726.35
49993 35821.9 8726.35
27240 35821.9 8726.35
32655 35821.9 8726.35
39243 35821.9 8726.35
32353 35821.9 8726.35
31069 35821.9 8726.35
29826 35821.9 8726.35
30468 35821.9 8726.35
33374 35821.9 8726.35
38962 35821.9 8726.35
31629 35821.9 8726.35
55105 35821.9 8726.35
26720 35821.9 8726.35
38182 35821.9 8726.35
27269 35821.9 8726.35
37301 35821.9 8726.35
43471 35821.9 8726.35
29789 35821.9 8726.35
27843 35821.9 8726.35
42371 35821.9 8726.35
31551 35821.9 8726.35
38512 35821.9 8726.35
27689 35821.9 8726.35
45192 35821.9 8726.35
28711 35821.9 8726.35
27620 35821.9 8726.35
29762 35821.9 8726.35
33872 35821.9 8726.35
41813 35821.9 8726.35
