534 1298.6 2633.84
510 1298.6 2633.84
503 1298.6 2633.84
587 1298.6 2633.84
519 1298.6 2633.84
495 1298.6 2633.84
547 1298.6 2633.84
503 1298.6 2633.84
506 1298.6 2633.84
8451 1298.6 2633.84
1793 1298.6 2633.84
503 1298.6 2633.84
506 1298.6 2633.84
517 1298.6 2633.84
496 1298.6 2633.84
498 1298.6 2633.84
512 1298.6 2633.84
516 1298.6 2633.84
541 1298.6 2633.84
512 1298.6 2633.84
503 1298.6 2633.84
513 1298.6 2633.84
15826 1298.6 2633.84
508 1298.6 2633.84
5536 1298.6 2633.84
500 1298.6 2633.84
1169 1298.6 2633.84
846 1298.6 2633.84
514 1298.6 2633.84
525 1298.6 2633.84
527 1298.6 2633.84
489 1298.6 2633.84
513 1298.6 2633.84
496 1298.6 2633.84
504 1298.6 2633.84
536 1298.6 2633.84
499 1298.6 2633.84
517 1298.6 2633.84
516 1298.6 2633.84
502 1298.6 2633.84
493 1298.6 2633.84
496 1298.6 2633.84
497 1298.6 2633.84
2754 1298.6 2633.84
662 1298.6 2633.84
461 1298.6 2633.84
283 1298.6 2633.84
502 1298.6 2633.84
279 1298.6 2633.84
7415 1298.6 2633.84
