9059 4875.18 2220.1
4355 4875.18 2220.1
4110 4875.18 2220.1
4124 4875.18 2220.1
4285 4875.18 2220.1
4363 4875.18 2220.1
6212 4875.18 2220.1
4395 4875.18 2220.1
4019 4875.18 2220.1
4062 4875.18 2220.1
3947 4875.18 2220.1
4597 4875.18 2220.1
3922 4875.18 2220.1
4000 4875.18 2220.1
3930 4875.18 2220.1
4183 4875.18 2220.1
13255 4875.18 2220.1
3940 4875.18 2220.1
5679 4875.18 2220.1
4044 4875.18 2220.1
12515 4875.18 2220.1
4632 4875.18 2220.1
4070 4875.18 2220.1
3877 4875.18 2220.1
3964 4875.18 2220.1
4682 4875.18 2220.1
4394 4875.18 2220.1
10686 4875.18 2220.1
3897 4875.18 2220.1
3830 4875.18 2220.1
3880 4875.18 2220.1
3903 4875.18 2220.1
6541 4875.18 2220.1
4051 4875.18 2220.1
3855 4875.18 2220.1
3815 4875.18 2220.1
3790 4875.18 2220.1
3817 4875.18 2220.1
3830 4875.18 2220.1
3867 4875.18 2220.1
4044 4875.18 2220.1
4005 4875.18 2220.1
3775 4875.18 2220.1
3813 4875.18 2220.1
3811 4875.18 2220.1
4106 4875.18 2220.1
10299 4875.18 2220.1
3910 4875.18 2220.1
3806 4875.18 2220.1
3813 4875.18 2220.1
