694 367.96 66.0817
382 367.96 66.0817
340 367.96 66.0817
362 367.96 66.0817
340 367.96 66.0817
337 367.96 66.0817
359 367.96 66.0817
419 367.96 66.0817
644 367.96 66.0817
365 367.96 66.0817
334 367.96 66.0817
348 367.96 66.0817
357 367.96 66.0817
363 367.96 66.0817
346 367.96 66.0817
352 367.96 66.0817
344 367.96 66.0817
351 367.96 66.0817
347 367.96 66.0817
338 367.96 66.0817
368 367.96 66.0817
352 367.96 66.0817
345 367.96 66.0817
344 367.96 66.0817
360 367.96 66.0817
339 367.96 66.0817
349 367.96 66.0817
335 367.96 66.0817
417 367.96 66.0817
338 367.96 66.0817
369 367.96 66.0817
341 367.96 66.0817
349 367.96 66.0817
341 367.96 66.0817
343 367.96 66.0817
356 367.96 66.0817
342 367.96 66.0817
428 367.96 66.0817
340 367.96 66.0817
368 367.96 66.0817
341 367.96 66.0817
371 367.96 66.0817
341 367.96 66.0817
344 367.96 66.0817
337 367.96 66.0817
336 367.96 66.0817
350 367.96 66.0817
349 367.96 66.0817
443 367.96 66.0817
340 367.96 66.0817
