155 143.16 39.1481
121 143.16 39.1481
131 143.16 39.1481
122 143.16 39.1481
129 143.16 39.1481
137 143.16 39.1481
125 143.16 39.1481
121 143.16 39.1481
249 143.16 39.1481
124 143.16 39.1481
124 143.16 39.1481
123 143.16 39.1481
121 143.16 39.1481
135 143.16 39.1481
122 143.16 39.1481
129 143.16 39.1481
125 143.16 39.1481
234 143.16 39.1481
124 143.16 39.1481
124 143.16 39.1481
296 143.16 39.1481
174 143.16 39.1481
127 143.16 39.1481
124 143.16 39.1481
124 143.16 39.1481
124 143.16 39.1481
122 143.16 39.1481
126 143.16 39.1481
123 143.16 39.1481
128 143.16 39.1481
123 143.16 39.1481
125 143.16 39.1481
123 143.16 39.1481
124 143.16 39.1481
128 143.16 39.1481
125 143.16 39.1481
123 143.16 39.1481
124 143.16 39.1481
123 143.16 39.1481
124 143.16 39.1481
136 143.16 39.1481
124 143.16 39.1481
125 143.16 39.1481
124 143.16 39.1481
137 143.16 39.1481
198 143.16 39.1481
200 143.16 39.1481
208 143.16 39.1481
202 143.16 39.1481
219 143.16 39.1481
