930 1086.34 1197.34
792 1086.34 1197.34
825 1086.34 1197.34
7824 1086.34 1197.34
835 1086.34 1197.34
1001 1086.34 1197.34
869 1086.34 1197.34
821 1086.34 1197.34
900 1086.34 1197.34
796 1086.34 1197.34
822 1086.34 1197.34
898 1086.34 1197.34
968 1086.34 1197.34
795 1086.34 1197.34
809 1086.34 1197.34
922 1086.34 1197.34
818 1086.34 1197.34
893 1086.34 1197.34
820 1086.34 1197.34
794 1086.34 1197.34
928 1086.34 1197.34
814 1086.34 1197.34
916 1086.34 1197.34
802 1086.34 1197.34
823 1086.34 1197.34
879 1086.34 1197.34
845 1086.34 1197.34
822 1086.34 1197.34
823 1086.34 1197.34
5922 1086.34 1197.34
869 1086.34 1197.34
833 1086.34 1197.34
831 1086.34 1197.34
816 1086.34 1197.34
813 1086.34 1197.34
799 1086.34 1197.34
873 1086.34 1197.34
825 1086.34 1197.34
802 1086.34 1197.34
828 1086.34 1197.34
853 1086.34 1197.34
817 1086.34 1197.34
788 1086.34 1197.34
878 1086.34 1197.34
812 1086.34 1197.34
855 1086.34 1197.34
831 1086.34 1197.34
868 1086.34 1197.34
803 1086.34 1197.34
817 1086.34 1197.34
