58 34.96 14.3359
38 34.96 14.3359
40 34.96 14.3359
38 34.96 14.3359
129 34.96 14.3359
31 34.96 14.3359
30 34.96 14.3359
39 34.96 14.3359
31 34.96 14.3359
30 34.96 14.3359
32 34.96 14.3359
30 34.96 14.3359
35 34.96 14.3359
31 34.96 14.3359
39 34.96 14.3359
32 34.96 14.3359
31 34.96 14.3359
31 34.96 14.3359
36 34.96 14.3359
46 34.96 14.3359
30 34.96 14.3359
42 34.96 14.3359
31 34.96 14.3359
31 34.96 14.3359
31 34.96 14.3359
33 34.96 14.3359
32 34.96 14.3359
32 34.96 14.3359
31 34.96 14.3359
33 34.96 14.3359
32 34.96 14.3359
32 34.96 14.3359
30 34.96 14.3359
30 34.96 14.3359
30 34.96 14.3359
31 34.96 14.3359
30 34.96 14.3359
31 34.96 14.3359
30 34.96 14.3359
30 34.96 14.3359
30 34.96 14.3359
30 34.96 14.3359
31 34.96 14.3359
31 34.96 14.3359
33 34.96 14.3359
30 34.96 14.3359
30 34.96 14.3359
31 34.96 14.3359
31 34.96 14.3359
32 34.96 14.3359
