38902 39150.8 10422.8
46765 39150.8 10422.8
33028 39150.8 10422.8
32549 39150.8 10422.8
32006 39150.8 10422.8
45160 39150.8 10422.8
32076 39150.8 10422.8
32542 39150.8 10422.8
32937 39150.8 10422.8
32522 39150.8 10422.8
67069 39150.8 10422.8
53847 39150.8 10422.8
41330 39150.8 10422.8
37545 39150.8 10422.8
50731 39150.8 10422.8
44214 39150.8 10422.8
41281 39150.8 10422.8
36198 39150.8 10422.8
39255 39150.8 10422.8
36342 39150.8 10422.8
49368 39150.8 10422.8
37387 39150.8 10422.8
45716 39150.8 10422.8
36028 39150.8 10422.8
38483 39150.8 10422.8
31815 39150.8 10422.8
31423 39150.8 10422.8
31154 39150.8 10422.8
31603 39150.8 10422.8
32074 39150.8 10422.8
31516 39150.8 10422.8
41702 39150.8 10422.8
31413 39150.8 10422.8
33581 39150.8 10422.8
31977 39150.8 10422.8
49688 39150.8 10422.8
31433 39150.8 10422.8
33193 39150.8 10422.8
87198 39150.8 10422.8
32389 39150.8 10422.8
36254 39150.8 10422.8
31499 39150.8 10422.8
43589 39150.8 10422.8
31650 39150.8 10422.8
49947 39150.8 10422.8
32000 39150.8 10422.8
39994 39150.8 10422.8
32010 39150.8 10422.8
53690 39150.8 10422.8
31466 39150.8 10422.8
