99 92.6 20.1167
86 92.6 20.1167
87 92.6 20.1167
85 92.6 20.1167
88 92.6 20.1167
86 92.6 20.1167
86 92.6 20.1167
87 92.6 20.1167
86 92.6 20.1167
85 92.6 20.1167
89 92.6 20.1167
87 92.6 20.1167
118 92.6 20.1167
86 92.6 20.1167
85 92.6 20.1167
88 92.6 20.1167
95 92.6 20.1167
89 92.6 20.1167
95 92.6 20.1167
86 92.6 20.1167
86 92.6 20.1167
85 92.6 20.1167
83 92.6 20.1167
83 92.6 20.1167
86 92.6 20.1167
85 92.6 20.1167
156 92.6 20.1167
96 92.6 20.1167
89 92.6 20.1167
88 92.6 20.1167
93 92.6 20.1167
83 92.6 20.1167
83 92.6 20.1167
85 92.6 20.1167
83 92.6 20.1167
86 92.6 20.1167
85 92.6 20.1167
105 92.6 20.1167
204 92.6 20.1167
98 92.6 20.1167
86 92.6 20.1167
85 92.6 20.1167
85 92.6 20.1167
124 92.6 20.1167
83 92.6 20.1167
83 92.6 20.1167
86 92.6 20.1167
88 92.6 20.1167
90 92.6 20.1167
85 92.6 20.1167
