652 450.68 1014.52
289 450.68 1014.52
270 450.68 1014.52
262 450.68 1014.52
216 450.68 1014.52
216 450.68 1014.52
219 450.68 1014.52
212 450.68 1014.52
213 450.68 1014.52
226 450.68 1014.52
227 450.68 1014.52
178 450.68 1014.52
175 450.68 1014.52
177 450.68 1014.52
271 450.68 1014.52
324 450.68 1014.52
250 450.68 1014.52
205 450.68 1014.52
196 450.68 1014.52
246 450.68 1014.52
188 450.68 1014.52
225 450.68 1014.52
390 450.68 1014.52
2096 450.68 1014.52
357 450.68 1014.52
345 450.68 1014.52
328 450.68 1014.52
342 450.68 1014.52
367 450.68 1014.52
349 450.68 1014.52
7279 450.68 1014.52
177 450.68 1014.52
169 450.68 1014.52
170 450.68 1014.52
182 450.68 1014.52
169 450.68 1014.52
167 450.68 1014.52
171 450.68 1014.52
193 450.68 1014.52
316 450.68 1014.52
332 450.68 1014.52
317 450.68 1014.52
293 450.68 1014.52
296 450.68 1014.52
301 450.68 1014.52
311 450.68 1014.52
770 450.68 1014.52
428 450.68 1014.52
300 450.68 1014.52
182 450.68 1014.52
