30 143.96 901.726
15 143.96 901.726
15 143.96 901.726
15 143.96 901.726
15 143.96 901.726
17 143.96 901.726
17 143.96 901.726
20 143.96 901.726
15 143.96 901.726
15 143.96 901.726
6456 143.96 901.726
20 143.96 901.726
13 143.96 901.726
13 143.96 901.726
14 143.96 901.726
14 143.96 901.726
13 143.96 901.726
14 143.96 901.726
14 143.96 901.726
13 143.96 901.726
13 143.96 901.726
13 143.96 901.726
13 143.96 901.726
14 143.96 901.726
14 143.96 901.726
13 143.96 901.726
13 143.96 901.726
14 143.96 901.726
13 143.96 901.726
14 143.96 901.726
14 143.96 901.726
14 143.96 901.726
15 143.96 901.726
16 143.96 901.726
16 143.96 901.726
24 143.96 901.726
22 143.96 901.726
24 143.96 901.726
14 143.96 901.726
13 143.96 901.726
13 143.96 901.726
13 143.96 901.726
14 143.96 901.726
13 143.96 901.726
13 143.96 901.726
14 143.96 901.726
14 143.96 901.726
13 143.96 901.726
14 143.96 901.726
13 143.96 901.726
