11136 13479.8 4591.62
10481 13479.8 4591.62
11275 13479.8 4591.62
10598 13479.8 4591.62
10652 13479.8 4591.62
10870 13479.8 4591.62
10283 13479.8 4591.62
10784 13479.8 4591.62
10443 13479.8 4591.62
10710 13479.8 4591.62
10626 13479.8 4591.62
10503 13479.8 4591.62
10381 13479.8 4591.62
10431 13479.8 4591.62
10196 13479.8 4591.62
23572 13479.8 4591.62
10846 13479.8 4591.62
10558 13479.8 4591.62
10928 13479.8 4591.62
10288 13479.8 4591.62
10612 13479.8 4591.62
11206 13479.8 4591.62
10820 13479.8 4591.62
18087 13479.8 4591.62
12939 13479.8 4591.62
10234 13479.8 4591.62
15019 13479.8 4591.62
15370 13479.8 4591.62
16633 13479.8 4591.62
10501 13479.8 4591.62
10716 13479.8 4591.62
24460 13479.8 4591.62
18237 13479.8 4591.62
19224 13479.8 4591.62
19197 13479.8 4591.62
29741 13479.8 4591.62
13394 13479.8 4591.62
11343 13479.8 4591.62
12486 13479.8 4591.62
17068 13479.8 4591.62
11849 13479.8 4591.62
10592 13479.8 4591.62
19323 13479.8 4591.62
10699 13479.8 4591.62
23403 13479.8 4591.62
10959 13479.8 4591.62
10637 13479.8 4591.62
12617 13479.8 4591.62
20274 13479.8 4591.62
10787 13479.8 4591.62
