8181 10332.5 4705.46
14310 10332.5 4705.46
14550 10332.5 4705.46
7884 10332.5 4705.46
10364 10332.5 4705.46
11148 10332.5 4705.46
7878 10332.5 4705.46
14459 10332.5 4705.46
11857 10332.5 4705.46
7931 10332.5 4705.46
32028 10332.5 4705.46
8277 10332.5 4705.46
14614 10332.5 4705.46
14478 10332.5 4705.46
8052 10332.5 4705.46
16577 10332.5 4705.46
8272 10332.5 4705.46
7712 10332.5 4705.46
7801 10332.5 4705.46
8143 10332.5 4705.46
7718 10332.5 4705.46
7823 10332.5 4705.46
24190 10332.5 4705.46
8080 10332.5 4705.46
7728 10332.5 4705.46
7530 10332.5 4705.46
8129 10332.5 4705.46
7797 10332.5 4705.46
8016 10332.5 4705.46
7698 10332.5 4705.46
8197 10332.5 4705.46
7830 10332.5 4705.46
7773 10332.5 4705.46
8189 10332.5 4705.46
7944 10332.5 4705.46
7511 10332.5 4705.46
7806 10332.5 4705.46
8394 10332.5 4705.46
7937 10332.5 4705.46
8112 10332.5 4705.46
10800 10332.5 4705.46
14436 10332.5 4705.46
11851 10332.5 4705.46
8301 10332.5 4705.46
9077 10332.5 4705.46
8138 10332.5 4705.46
8548 10332.5 4705.46
7786 10332.5 4705.46
8191 10332.5 4705.46
20581 10332.5 4705.46
