265 303.48 157.455
215 303.48 157.455
215 303.48 157.455
392 303.48 157.455
388 303.48 157.455
393 303.48 157.455
386 303.48 157.455
395 303.48 157.455
425 303.48 157.455
424 303.48 157.455
509 303.48 157.455
383 303.48 157.455
437 303.48 157.455
383 303.48 157.455
403 303.48 157.455
299 303.48 157.455
233 303.48 157.455
228 303.48 157.455
226 303.48 157.455
230 303.48 157.455
231 303.48 157.455
226 303.48 157.455
218 303.48 157.455
383 303.48 157.455
312 303.48 157.455
229 303.48 157.455
227 303.48 157.455
225 303.48 157.455
234 303.48 157.455
230 303.48 157.455
226 303.48 157.455
254 303.48 157.455
225 303.48 157.455
240 303.48 157.455
232 303.48 157.455
249 303.48 157.455
227 303.48 157.455
227 303.48 157.455
217 303.48 157.455
253 303.48 157.455
213 303.48 157.455
216 303.48 157.455
223 303.48 157.455
444 303.48 157.455
234 303.48 157.455
232 303.48 157.455
227 303.48 157.455
1241 303.48 157.455
224 303.48 157.455
226 303.48 157.455
