38 5.22 5.28882
4 5.22 5.28882
4 5.22 5.28882
4 5.22 5.28882
4 5.22 5.28882
4 5.22 5.28882
4 5.22 5.28882
4 5.22 5.28882
4 5.22 5.28882
4 5.22 5.28882
4 5.22 5.28882
4 5.22 5.28882
4 5.22 5.28882
4 5.22 5.28882
4 5.22 5.28882
4 5.22 5.28882
4 5.22 5.28882
4 5.22 5.28882
4 5.22 5.28882
6 5.22 5.28882
4 5.22 5.28882
4 5.22 5.28882
4 5.22 5.28882
4 5.22 5.28882
4 5.22 5.28882
4 5.22 5.28882
4 5.22 5.28882
4 5.22 5.28882
4 5.22 5.28882
21 5.22 5.28882
4 5.22 5.28882
4 5.22 5.28882
4 5.22 5.28882
4 5.22 5.28882
4 5.22 5.28882
8 5.22 5.28882
4 5.22 5.28882
4 5.22 5.28882
4 5.22 5.28882
4 5.22 5.28882
4 5.22 5.28882
4 5.22 5.28882
6 5.22 5.28882
4 5.22 5.28882
4 5.22 5.28882
4 5.22 5.28882
4 5.22 5.28882
6 5.22 5.28882
4 5.22 5.28882
4 5.22 5.28882
