17678 23772.5 8859.39
29874 23772.5 8859.39
17494 23772.5 8859.39
19510 23772.5 8859.39
23462 23772.5 8859.39
28277 23772.5 8859.39
17939 23772.5 8859.39
23524 23772.5 8859.39
29854 23772.5 8859.39
19451 23772.5 8859.39
17142 23772.5 8859.39
17525 23772.5 8859.39
17230 23772.5 8859.39
17578 23772.5 8859.39
31627 23772.5 8859.39
29354 23772.5 8859.39
17628 23772.5 8859.39
17374 23772.5 8859.39
17921 23772.5 8859.39
31459 23772.5 8859.39
17308 23772.5 8859.39
25981 23772.5 8859.39
30937 23772.5 8859.39
17596 23772.5 8859.39
17204 23772.5 8859.39
17446 23772.5 8859.39
17223 23772.5 8859.39
27657 23772.5 8859.39
17548 23772.5 8859.39
17659 23772.5 8859.39
25168 23772.5 8859.39
25166 23772.5 8859.39
18886 23772.5 8859.39
58859 23772.5 8859.39
25670 23772.5 8859.39
17338 23772.5 8859.39
32334 23772.5 8859.39
17943 23772.5 8859.39
26655 23772.5 8859.39
17310 23772.5 8859.39
17109 23772.5 8859.39
31292 23772.5 8859.39
18059 23772.5 8859.39
37927 23772.5 8859.39
42189 23772.5 8859.39
18565 23772.5 8859.39
25907 23772.5 8859.39
49253 23772.5 8859.39
17166 23772.5 8859.39
17368 23772.5 8859.39
