42219 29484.4 9497.25
28945 29484.4 9497.25
21953 29484.4 9497.25
24669 29484.4 9497.25
21107 29484.4 9497.25
24299 29484.4 9497.25
27450 29484.4 9497.25
23387 29484.4 9497.25
57373 29484.4 9497.25
43653 29484.4 9497.25
34952 29484.4 9497.25
21484 29484.4 9497.25
38522 29484.4 9497.25
25418 29484.4 9497.25
48505 29484.4 9497.25
25857 29484.4 9497.25
47311 29484.4 9497.25
38951 29484.4 9497.25
21261 29484.4 9497.25
22618 29484.4 9497.25
29646 29484.4 9497.25
21370 29484.4 9497.25
21892 29484.4 9497.25
22674 29484.4 9497.25
20995 29484.4 9497.25
21887 29484.4 9497.25
22428 29484.4 9497.25
27452 29484.4 9497.25
47891 29484.4 9497.25
21438 29484.4 9497.25
21635 29484.4 9497.25
37300 29484.4 9497.25
21467 29484.4 9497.25
22407 29484.4 9497.25
22333 29484.4 9497.25
22916 29484.4 9497.25
36482 29484.4 9497.25
22416 29484.4 9497.25
22075 29484.4 9497.25
39540 29484.4 9497.25
42180 29484.4 9497.25
26136 29484.4 9497.25
37522 29484.4 9497.25
22654 29484.4 9497.25
37627 29484.4 9497.25
22614 29484.4 9497.25
29196 29484.4 9497.25
23060 29484.4 9497.25
22418 29484.4 9497.25
44633 29484.4 9497.25
