98523 104760 6963.17
99353 104760 6963.17
100166 104760 6963.17
99308 104760 6963.17
101756 104760 6963.17
122534 104760 6963.17
134075 104760 6963.17
130525 104760 6963.17
107972 104760 6963.17
106661 104760 6963.17
114275 104760 6963.17
107265 104760 6963.17
108926 104760 6963.17
104386 104760 6963.17
105469 104760 6963.17
102997 104760 6963.17
105104 104760 6963.17
102982 104760 6963.17
102931 104760 6963.17
102560 104760 6963.17
113310 104760 6963.17
101914 104760 6963.17
97594 104760 6963.17
101992 104760 6963.17
103534 104760 6963.17
103968 104760 6963.17
101919 104760 6963.17
102531 104760 6963.17
101783 104760 6963.17
102133 104760 6963.17
101468 104760 6963.17
102040 104760 6963.17
101465 104760 6963.17
102105 104760 6963.17
101964 104760 6963.17
102239 104760 6963.17
102165 104760 6963.17
102314 104760 6963.17
101926 104760 6963.17
101865 104760 6963.17
102212 104760 6963.17
101560 104760 6963.17
101988 104760 6963.17
103900 104760 6963.17
108010 104760 6963.17
102381 104760 6963.17
102885 104760 6963.17
101798 104760 6963.17
103179 104760 6963.17
102094 104760 6963.17
