221 16.34 29.3003
12 16.34 29.3003
11 16.34 29.3003
11 16.34 29.3003
11 16.34 29.3003
11 16.34 29.3003
11 16.34 29.3003
11 16.34 29.3003
11 16.34 29.3003
11 16.34 29.3003
11 16.34 29.3003
11 16.34 29.3003
11 16.34 29.3003
12 16.34 29.3003
13 16.34 29.3003
13 16.34 29.3003
13 16.34 29.3003
13 16.34 29.3003
14 16.34 29.3003
13 16.34 29.3003
13 16.34 29.3003
14 16.34 29.3003
13 16.34 29.3003
13 16.34 29.3003
13 16.34 29.3003
13 16.34 29.3003
13 16.34 29.3003
13 16.34 29.3003
13 16.34 29.3003
22 16.34 29.3003
18 16.34 29.3003
13 16.34 29.3003
13 16.34 29.3003
12 16.34 29.3003
11 16.34 29.3003
11 16.34 29.3003
11 16.34 29.3003
11 16.34 29.3003
11 16.34 29.3003
11 16.34 29.3003
11 16.34 29.3003
11 16.34 29.3003
11 16.34 29.3003
11 16.34 29.3003
11 16.34 29.3003
11 16.34 29.3003
11 16.34 29.3003
11 16.34 29.3003
11 16.34 29.3003
11 16.34 29.3003
