776 429.46 53.0122
394 429.46 53.0122
435 429.46 53.0122
386 429.46 53.0122
410 429.46 53.0122
408 429.46 53.0122
386 429.46 53.0122
421 429.46 53.0122
396 429.46 53.0122
415 429.46 53.0122
401 429.46 53.0122
386 429.46 53.0122
413 429.46 53.0122
402 429.46 53.0122
423 429.46 53.0122
415 429.46 53.0122
433 429.46 53.0122
439 429.46 53.0122
404 429.46 53.0122
488 429.46 53.0122
406 429.46 53.0122
429 429.46 53.0122
430 429.46 53.0122
429 429.46 53.0122
413 429.46 53.0122
424 429.46 53.0122
405 429.46 53.0122
440 429.46 53.0122
435 429.46 53.0122
422 429.46 53.0122
421 429.46 53.0122
446 429.46 53.0122
424 429.46 53.0122
413 429.46 53.0122
437 429.46 53.0122
431 429.46 53.0122
422 429.46 53.0122
435 429.46 53.0122
421 429.46 53.0122
431 429.46 53.0122
443 429.46 53.0122
439 429.46 53.0122
449 429.46 53.0122
434 429.46 53.0122
459 429.46 53.0122
439 429.46 53.0122
417 429.46 53.0122
415 429.46 53.0122
424 429.46 53.0122
409 429.46 53.0122
