298577 296654 7820.46
295864 296654 7820.46
294198 296654 7820.46
290740 296654 7820.46
291804 296654 7820.46
297699 296654 7820.46
294599 296654 7820.46
291326 296654 7820.46
301473 296654 7820.46
308077 296654 7820.46
336731 296654 7820.46
298192 296654 7820.46
296582 296654 7820.46
294592 296654 7820.46
300431 296654 7820.46
294782 296654 7820.46
293622 296654 7820.46
288183 296654 7820.46
293627 296654 7820.46
292506 296654 7820.46
314225 296654 7820.46
290978 296654 7820.46
292158 296654 7820.46
289713 296654 7820.46
291767 296654 7820.46
291154 296654 7820.46
294021 296654 7820.46
290390 296654 7820.46
290846 296654 7820.46
294445 296654 7820.46
291725 296654 7820.46
307276 296654 7820.46
295749 296654 7820.46
295074 296654 7820.46
292656 296654 7820.46
294230 296654 7820.46
298584 296654 7820.46
291487 296654 7820.46
292185 296654 7820.46
298585 296654 7820.46
299818 296654 7820.46
295830 296654 7820.46
296408 296654 7820.46
297861 296654 7820.46
300500 296654 7820.46
306393 296654 7820.46
298330 296654 7820.46
290724 296654 7820.46
289758 296654 7820.46
306234 296654 7820.46
