125 272.28
105 272.28
107 272.28
101 272.28
102 272.28
102 272.28
101 272.28
100 272.28
100 272.28
104 272.28
102 272.28
122 272.28
152 272.28
101 272.28
279 272.28
231 272.28
9399 272.28
163 272.28
164 272.28
159 272.28
159 272.28
161 272.28
162 272.28
160 272.28
170 272.28
160 272.28
163 272.28
165 272.28
2249 272.28
159 272.28
161 272.28
162 272.28
165 272.28
154 272.28
157 272.28
155 272.28
155 272.28
183 272.28
209 272.28
210 272.28
283 272.28
189 272.28
161 272.28
151 272.28
164 272.28
155 272.28
154 272.28
157 272.28
170 272.28
155 272.28
159 272.28
157 272.28
187 272.28
156 272.28
157 272.28
156 272.28
161 272.28
203 272.28
153 272.28
154 272.28
155 272.28
163 272.28
152 272.28
152 272.28
154 272.28
162 272.28
155 272.28
157 272.28
157 272.28
162 272.28
158 272.28
155 272.28
158 272.28
166 272.28
166 272.28
154 272.28
153 272.28
155 272.28
153 272.28
153 272.28
153 272.28
155 272.28
163 272.28
153 272.28
157 272.28
153 272.28
163 272.28
158 272.28
156 272.28
155 272.28
157 272.28
164 272.28
173 272.28
156 272.28
155 272.28
327 272.28
194 272.28
163 272.28
160 272.28
153 272.28
