2.49192e+06 2.42632e+06 46734.2
2.45946e+06 2.42632e+06 46734.2
2.36596e+06 2.42632e+06 46734.2
2.40012e+06 2.42632e+06 46734.2
2.44837e+06 2.42632e+06 46734.2
2.49211e+06 2.42632e+06 46734.2
2.49044e+06 2.42632e+06 46734.2
2.48215e+06 2.42632e+06 46734.2
2.44964e+06 2.42632e+06 46734.2
2.40447e+06 2.42632e+06 46734.2
2.41369e+06 2.42632e+06 46734.2
2.38496e+06 2.42632e+06 46734.2
2.39738e+06 2.42632e+06 46734.2
2.45438e+06 2.42632e+06 46734.2
2.46555e+06 2.42632e+06 46734.2
2.43596e+06 2.42632e+06 46734.2
2.39604e+06 2.42632e+06 46734.2
2.48417e+06 2.42632e+06 46734.2
2.47323e+06 2.42632e+06 46734.2
2.41062e+06 2.42632e+06 46734.2
2.3342e+06 2.42632e+06 46734.2
2.34982e+06 2.42632e+06 46734.2
2.38275e+06 2.42632e+06 46734.2
2.34569e+06 2.42632e+06 46734.2
2.44154e+06 2.42632e+06 46734.2
2.46876e+06 2.42632e+06 46734.2
2.39467e+06 2.42632e+06 46734.2
2.45449e+06 2.42632e+06 46734.2
2.42164e+06 2.42632e+06 46734.2
2.33947e+06 2.42632e+06 46734.2
2.42076e+06 2.42632e+06 46734.2
2.38532e+06 2.42632e+06 46734.2
2.4931e+06 2.42632e+06 46734.2
2.46113e+06 2.42632e+06 46734.2
2.46099e+06 2.42632e+06 46734.2
2.43751e+06 2.42632e+06 46734.2
2.4016e+06 2.42632e+06 46734.2
2.48514e+06 2.42632e+06 46734.2
2.48962e+06 2.42632e+06 46734.2
2.46118e+06 2.42632e+06 46734.2
2.44788e+06 2.42632e+06 46734.2
2.44375e+06 2.42632e+06 46734.2
2.42885e+06 2.42632e+06 46734.2
2.45632e+06 2.42632e+06 46734.2
2.46473e+06 2.42632e+06 46734.2
2.41446e+06 2.42632e+06 46734.2
2.36628e+06 2.42632e+06 46734.2
2.34636e+06 2.42632e+06 46734.2
2.36258e+06 2.42632e+06 46734.2
2.35501e+06 2.42632e+06 46734.2
