2.06132e+06 2.03051e+06 93674.1
1.99431e+06 2.03051e+06 93674.1
2.03479e+06 2.03051e+06 93674.1
2.04536e+06 2.03051e+06 93674.1
2.0265e+06 2.03051e+06 93674.1
1.99649e+06 2.03051e+06 93674.1
2.2468e+06 2.03051e+06 93674.1
2.05036e+06 2.03051e+06 93674.1
1.96708e+06 2.03051e+06 93674.1
1.93432e+06 2.03051e+06 93674.1
2.00873e+06 2.03051e+06 93674.1
1.98421e+06 2.03051e+06 93674.1
2.01049e+06 2.03051e+06 93674.1
1.99299e+06 2.03051e+06 93674.1
1.97274e+06 2.03051e+06 93674.1
1.92096e+06 2.03051e+06 93674.1
1.98975e+06 2.03051e+06 93674.1
2.04559e+06 2.03051e+06 93674.1
1.95861e+06 2.03051e+06 93674.1
2.07014e+06 2.03051e+06 93674.1
2.02934e+06 2.03051e+06 93674.1
2.17186e+06 2.03051e+06 93674.1
1.99901e+06 2.03051e+06 93674.1
2.1246e+06 2.03051e+06 93674.1
1.9886e+06 2.03051e+06 93674.1
2.10164e+06 2.03051e+06 93674.1
1.97064e+06 2.03051e+06 93674.1
1.98569e+06 2.03051e+06 93674.1
2.51748e+06 2.03051e+06 93674.1
1.97902e+06 2.03051e+06 93674.1
1.94025e+06 2.03051e+06 93674.1
2.00932e+06 2.03051e+06 93674.1
2.12025e+06 2.03051e+06 93674.1
2.02522e+06 2.03051e+06 93674.1
1.95153e+06 2.03051e+06 93674.1
2.00251e+06 2.03051e+06 93674.1
1.99051e+06 2.03051e+06 93674.1
2.05215e+06 2.03051e+06 93674.1
2.13967e+06 2.03051e+06 93674.1
2.06573e+06 2.03051e+06 93674.1
2.03174e+06 2.03051e+06 93674.1
2.06906e+06 2.03051e+06 93674.1
2.05661e+06 2.03051e+06 93674.1
1.98179e+06 2.03051e+06 93674.1
1.90862e+06 2.03051e+06 93674.1
1.99419e+06 2.03051e+06 93674.1
2.0012e+06 2.03051e+06 93674.1
2.03083e+06 2.03051e+06 93674.1
1.98975e+06 2.03051e+06 93674.1
1.98535e+06 2.03051e+06 93674.1
