19924 21893.2 612.506
21159 21893.2 612.506
21570 21893.2 612.506
21507 21893.2 612.506
25540 21893.2 612.506
21704 21893.2 612.506
21882 21893.2 612.506
22157 21893.2 612.506
21802 21893.2 612.506
21815 21893.2 612.506
21821 21893.2 612.506
21948 21893.2 612.506
21739 21893.2 612.506
21838 21893.2 612.506
21807 21893.2 612.506
21910 21893.2 612.506
21935 21893.2 612.506
22083 21893.2 612.506
22105 21893.2 612.506
21913 21893.2 612.506
22262 21893.2 612.506
21823 21893.2 612.506
21935 21893.2 612.506
21833 21893.2 612.506
21853 21893.2 612.506
21758 21893.2 612.506
21767 21893.2 612.506
21916 21893.2 612.506
22027 21893.2 612.506
21841 21893.2 612.506
21968 21893.2 612.506
21703 21893.2 612.506
21854 21893.2 612.506
21853 21893.2 612.506
22012 21893.2 612.506
21770 21893.2 612.506
21837 21893.2 612.506
21893 21893.2 612.506
21810 21893.2 612.506
21758 21893.2 612.506
21921 21893.2 612.506
21840 21893.2 612.506
21757 21893.2 612.506
21775 21893.2 612.506
22126 21893.2 612.506
21837 21893.2 612.506
21735 21893.2 612.506
22002 21893.2 612.506
22212 21893.2 612.506
21822 21893.2 612.506
