6154 6664.94 373.83
5973 6664.94 373.83
5918 6664.94 373.83
5996 6664.94 373.83
6172 6664.94 373.83
6240 6664.94 373.83
6322 6664.94 373.83
6315 6664.94 373.83
6394 6664.94 373.83
6371 6664.94 373.83
6437 6664.94 373.83
6408 6664.94 373.83
6433 6664.94 373.83
6484 6664.94 373.83
6581 6664.94 373.83
6567 6664.94 373.83
6519 6664.94 373.83
6589 6664.94 373.83
6540 6664.94 373.83
6750 6664.94 373.83
6589 6664.94 373.83
6553 6664.94 373.83
7972 6664.94 373.83
6570 6664.94 373.83
6645 6664.94 373.83
6704 6664.94 373.83
6685 6664.94 373.83
6667 6664.94 373.83
6873 6664.94 373.83
6776 6664.94 373.83
6791 6664.94 373.83
6862 6664.94 373.83
6921 6664.94 373.83
6900 6664.94 373.83
6912 6664.94 373.83
6998 6664.94 373.83
7799 6664.94 373.83
7181 6664.94 373.83
7039 6664.94 373.83
6788 6664.94 373.83
6995 6664.94 373.83
6781 6664.94 373.83
6696 6664.94 373.83
6745 6664.94 373.83
7040 6664.94 373.83
6803 6664.94 373.83
6645 6664.94 373.83
6711 6664.94 373.83
6739 6664.94 373.83
6704 6664.94 373.83
