169844 177396 3727.37
176569 177396 3727.37
176019 177396 3727.37
177172 177396 3727.37
176755 177396 3727.37
176579 177396 3727.37
176283 177396 3727.37
177110 177396 3727.37
176617 177396 3727.37
177492 177396 3727.37
175883 177396 3727.37
179280 177396 3727.37
175911 177396 3727.37
178623 177396 3727.37
178418 177396 3727.37
178572 177396 3727.37
192508 177396 3727.37
180758 177396 3727.37
178366 177396 3727.37
178604 177396 3727.37
179076 177396 3727.37
178253 177396 3727.37
178453 177396 3727.37
178297 177396 3727.37
180938 177396 3727.37
179524 177396 3727.37
178684 177396 3727.37
180976 177396 3727.37
185187 177396 3727.37
172522 177396 3727.37
173851 177396 3727.37
171441 177396 3727.37
184092 177396 3727.37
178623 177396 3727.37
179730 177396 3727.37
179419 177396 3727.37
180175 177396 3727.37
174917 177396 3727.37
179012 177396 3727.37
172132 177396 3727.37
172009 177396 3727.37
174088 177396 3727.37
177477 177396 3727.37
176168 177396 3727.37
176489 177396 3727.37
173617 177396 3727.37
172588 177396 3727.37
173299 177396 3727.37
173953 177396 3727.37
177467 177396 3727.37
