605 1610.96 1760.31
362 1610.96 1760.31
589 1610.96 1760.31
1440 1610.96 1760.31
1475 1610.96 1760.31
422 1610.96 1760.31
1500 1610.96 1760.31
1449 1610.96 1760.31
1349 1610.96 1760.31
2308 1610.96 1760.31
1434 1610.96 1760.31
1403 1610.96 1760.31
385 1610.96 1760.31
1280 1610.96 1760.31
858 1610.96 1760.31
2371 1610.96 1760.31
1388 1610.96 1760.31
1409 1610.96 1760.31
1411 1610.96 1760.31
1268 1610.96 1760.31
2323 1610.96 1760.31
1334 1610.96 1760.31
403 1610.96 1760.31
3284 1610.96 1760.31
2462 1610.96 1760.31
1470 1610.96 1760.31
1310 1610.96 1760.31
1439 1610.96 1760.31
1275 1610.96 1760.31
1382 1610.96 1760.31
1365 1610.96 1760.31
1218 1610.96 1760.31
2450 1610.96 1760.31
6454 1610.96 1760.31
11538 1610.96 1760.31
480 1610.96 1760.31
3722 1610.96 1760.31
1223 1610.96 1760.31
1376 1610.96 1760.31
414 1610.96 1760.31
2528 1610.96 1760.31
527 1610.96 1760.31
323 1610.96 1760.31
1431 1610.96 1760.31
1587 1610.96 1760.31
848 1610.96 1760.31
574 1610.96 1760.31
450 1610.96 1760.31
371 1610.96 1760.31
281 1610.96 1760.31
