38590 21319.5 5645.85
26640 21319.5 5645.85
35121 21319.5 5645.85
16369 21319.5 5645.85
15454 21319.5 5645.85
20241 21319.5 5645.85
31751 21319.5 5645.85
16393 21319.5 5645.85
18222 21319.5 5645.85
21573 21319.5 5645.85
32528 21319.5 5645.85
19680 21319.5 5645.85
20656 21319.5 5645.85
17611 21319.5 5645.85
17277 21319.5 5645.85
22841 21319.5 5645.85
24857 21319.5 5645.85
15414 21319.5 5645.85
19318 21319.5 5645.85
16936 21319.5 5645.85
15488 21319.5 5645.85
24098 21319.5 5645.85
25451 21319.5 5645.85
20292 21319.5 5645.85
22253 21319.5 5645.85
14401 21319.5 5645.85
17707 21319.5 5645.85
27044 21319.5 5645.85
25700 21319.5 5645.85
17173 21319.5 5645.85
19476 21319.5 5645.85
23537 21319.5 5645.85
33674 21319.5 5645.85
21586 21319.5 5645.85
15821 21319.5 5645.85
20105 21319.5 5645.85
23308 21319.5 5645.85
18386 21319.5 5645.85
16844 21319.5 5645.85
19443 21319.5 5645.85
21168 21319.5 5645.85
25234 21319.5 5645.85
16524 21319.5 5645.85
19124 21319.5 5645.85
20569 21319.5 5645.85
15441 21319.5 5645.85
14085 21319.5 5645.85
28879 21319.5 5645.85
15545 21319.5 5645.85
20145 21319.5 5645.85
