6310 7059.88 3081.51
5271 7059.88 3081.51
8826 7059.88 3081.51
16327 7059.88 3081.51
8281 7059.88 3081.51
6758 7059.88 3081.51
7148 7059.88 3081.51
20481 7059.88 3081.51
7196 7059.88 3081.51
6556 7059.88 3081.51
11408 7059.88 3081.51
5383 7059.88 3081.51
16429 7059.88 3081.51
4717 7059.88 3081.51
5001 7059.88 3081.51
5087 7059.88 3081.51
5420 7059.88 3081.51
5562 7059.88 3081.51
5748 7059.88 3081.51
7626 7059.88 3081.51
5488 7059.88 3081.51
5449 7059.88 3081.51
6275 7059.88 3081.51
5340 7059.88 3081.51
4217 7059.88 3081.51
5420 7059.88 3081.51
6006 7059.88 3081.51
5196 7059.88 3081.51
6339 7059.88 3081.51
11611 7059.88 3081.51
6431 7059.88 3081.51
7896 7059.88 3081.51
6103 7059.88 3081.51
5122 7059.88 3081.51
5217 7059.88 3081.51
7469 7059.88 3081.51
5871 7059.88 3081.51
6948 7059.88 3081.51
7403 7059.88 3081.51
6644 7059.88 3081.51
6090 7059.88 3081.51
5165 7059.88 3081.51
5665 7059.88 3081.51
5525 7059.88 3081.51
6188 7059.88 3081.51
6112 7059.88 3081.51
5867 7059.88 3081.51
7545 7059.88 3081.51
5828 7059.88 3081.51
7029 7059.88 3081.51
