6403 3784.7 2815.04
2802 3784.7 2815.04
2493 3784.7 2815.04
4165 3784.7 2815.04
4037 3784.7 2815.04
12156 3784.7 2815.04
3277 3784.7 2815.04
2470 3784.7 2815.04
3257 3784.7 2815.04
2141 3784.7 2815.04
2424 3784.7 2815.04
2207 3784.7 2815.04
2739 3784.7 2815.04
2095 3784.7 2815.04
8284 3784.7 2815.04
3533 3784.7 2815.04
2281 3784.7 2815.04
7445 3784.7 2815.04
8651 3784.7 2815.04
4005 3784.7 2815.04
3355 3784.7 2815.04
2432 3784.7 2815.04
3391 3784.7 2815.04
4303 3784.7 2815.04
2236 3784.7 2815.04
2398 3784.7 2815.04
2167 3784.7 2815.04
2446 3784.7 2815.04
2358 3784.7 2815.04
2242 3784.7 2815.04
2309 3784.7 2815.04
2113 3784.7 2815.04
3243 3784.7 2815.04
3079 3784.7 2815.04
18315 3784.7 2815.04
3205 3784.7 2815.04
2364 3784.7 2815.04
2322 3784.7 2815.04
3843 3784.7 2815.04
2676 3784.7 2815.04
2567 3784.7 2815.04
3278 3784.7 2815.04
2935 3784.7 2815.04
3204 3784.7 2815.04
3530 3784.7 2815.04
2959 3784.7 2815.04
3454 3784.7 2815.04
2561 3784.7 2815.04
3436 3784.7 2815.04
3649 3784.7 2815.04
