1.55141e+06 1.68641e+06 145564
1.5252e+06 1.68641e+06 145564
1.523e+06 1.68641e+06 145564
1.52204e+06 1.68641e+06 145564
1.58293e+06 1.68641e+06 145564
1.53298e+06 1.68641e+06 145564
1.67168e+06 1.68641e+06 145564
1.48435e+06 1.68641e+06 145564
1.69277e+06 1.68641e+06 145564
1.55986e+06 1.68641e+06 145564
1.57399e+06 1.68641e+06 145564
1.57282e+06 1.68641e+06 145564
1.56226e+06 1.68641e+06 145564
1.70135e+06 1.68641e+06 145564
1.56685e+06 1.68641e+06 145564
1.52676e+06 1.68641e+06 145564
1.75155e+06 1.68641e+06 145564
2.07716e+06 1.68641e+06 145564
1.92441e+06 1.68641e+06 145564
1.75046e+06 1.68641e+06 145564
1.95428e+06 1.68641e+06 145564
1.92748e+06 1.68641e+06 145564
1.73598e+06 1.68641e+06 145564
1.87761e+06 1.68641e+06 145564
1.67392e+06 1.68641e+06 145564
1.58995e+06 1.68641e+06 145564
1.65702e+06 1.68641e+06 145564
1.73027e+06 1.68641e+06 145564
2.0173e+06 1.68641e+06 145564
1.89892e+06 1.68641e+06 145564
1.57408e+06 1.68641e+06 145564
1.97822e+06 1.68641e+06 145564
1.83566e+06 1.68641e+06 145564
1.77222e+06 1.68641e+06 145564
1.60435e+06 1.68641e+06 145564
1.6663e+06 1.68641e+06 145564
1.63032e+06 1.68641e+06 145564
1.52515e+06 1.68641e+06 145564
1.73205e+06 1.68641e+06 145564
1.68205e+06 1.68641e+06 145564
1.77207e+06 1.68641e+06 145564
1.62878e+06 1.68641e+06 145564
1.77144e+06 1.68641e+06 145564
1.5362e+06 1.68641e+06 145564
1.58951e+06 1.68641e+06 145564
1.66417e+06 1.68641e+06 145564
1.73285e+06 1.68641e+06 145564
1.58678e+06 1.68641e+06 145564
1.71649e+06 1.68641e+06 145564
1.60501e+06 1.68641e+06 145564
