51271 40006.7 7944
58927 40006.7 7944
43244 40006.7 7944
35398 40006.7 7944
41273 40006.7 7944
34490 40006.7 7944
45487 40006.7 7944
39268 40006.7 7944
34890 40006.7 7944
44772 40006.7 7944
32926 40006.7 7944
46667 40006.7 7944
44849 40006.7 7944
30726 40006.7 7944
35599 40006.7 7944
35424 40006.7 7944
30896 40006.7 7944
48380 40006.7 7944
34328 40006.7 7944
60123 40006.7 7944
31535 40006.7 7944
34659 40006.7 7944
49252 40006.7 7944
32575 40006.7 7944
44772 40006.7 7944
45200 40006.7 7944
30537 40006.7 7944
35437 40006.7 7944
31766 40006.7 7944
41522 40006.7 7944
52586 40006.7 7944
34993 40006.7 7944
33925 40006.7 7944
46957 40006.7 7944
46036 40006.7 7944
47315 40006.7 7944
30486 40006.7 7944
40538 40006.7 7944
45323 40006.7 7944
39512 40006.7 7944
30552 40006.7 7944
31513 40006.7 7944
38428 40006.7 7944
53811 40006.7 7944
34642 40006.7 7944
31998 40006.7 7944
53320 40006.7 7944
35900 40006.7 7944
35127 40006.7 7944
31179 40006.7 7944
