4184 6891.7 4249.67
9108 6891.7 4249.67
6789 6891.7 4249.67
17446 6891.7 4249.67
3066 6891.7 4249.67
2744 6891.7 4249.67
3452 6891.7 4249.67
3582 6891.7 4249.67
2791 6891.7 4249.67
4987 6891.7 4249.67
4024 6891.7 4249.67
3877 6891.7 4249.67
4077 6891.7 4249.67
12432 6891.7 4249.67
24821 6891.7 4249.67
8627 6891.7 4249.67
4208 6891.7 4249.67
4382 6891.7 4249.67
3249 6891.7 4249.67
6137 6891.7 4249.67
3498 6891.7 4249.67
3211 6891.7 4249.67
3285 6891.7 4249.67
3518 6891.7 4249.67
4494 6891.7 4249.67
9713 6891.7 4249.67
2796 6891.7 4249.67
2635 6891.7 4249.67
8077 6891.7 4249.67
9874 6891.7 4249.67
4738 6891.7 4249.67
9845 6891.7 4249.67
6158 6891.7 4249.67
14474 6891.7 4249.67
4879 6891.7 4249.67
10071 6891.7 4249.67
9974 6891.7 4249.67
5963 6891.7 4249.67
4679 6891.7 4249.67
7438 6891.7 4249.67
5645 6891.7 4249.67
5537 6891.7 4249.67
5832 6891.7 4249.67
5796 6891.7 4249.67
8407 6891.7 4249.67
13597 6891.7 4249.67
5988 6891.7 4249.67
10471 6891.7 4249.67
10742 6891.7 4249.67
9267 6891.7 4249.67
