554761 492180 34562.5
499471 492180 34562.5
475421 492180 34562.5
461136 492180 34562.5
460522 492180 34562.5
502407 492180 34562.5
454045 492180 34562.5
513582 492180 34562.5
470859 492180 34562.5
470697 492180 34562.5
478928 492180 34562.5
582246 492180 34562.5
613063 492180 34562.5
468619 492180 34562.5
508443 492180 34562.5
454655 492180 34562.5
473934 492180 34562.5
452828 492180 34562.5
530869 492180 34562.5
536198 492180 34562.5
467449 492180 34562.5
512080 492180 34562.5
491875 492180 34562.5
531863 492180 34562.5
504563 492180 34562.5
574106 492180 34562.5
463304 492180 34562.5
477046 492180 34562.5
448110 492180 34562.5
468086 492180 34562.5
482669 492180 34562.5
460851 492180 34562.5
497476 492180 34562.5
479318 492180 34562.5
474594 492180 34562.5
467857 492180 34562.5
481527 492180 34562.5
468986 492180 34562.5
473193 492180 34562.5
489962 492180 34562.5
472901 492180 34562.5
504162 492180 34562.5
506545 492180 34562.5
480737 492180 34562.5
469567 492180 34562.5
468750 492180 34562.5
520005 492180 34562.5
487849 492180 34562.5
526964 492180 34562.5
493914 492180 34562.5
