1.19827e+06 1.19669e+06 49988
1.18256e+06 1.19669e+06 49988
1.18094e+06 1.19669e+06 49988
1.17347e+06 1.19669e+06 49988
1.18439e+06 1.19669e+06 49988
1.14406e+06 1.19669e+06 49988
1.24631e+06 1.19669e+06 49988
1.1858e+06 1.19669e+06 49988
1.18623e+06 1.19669e+06 49988
1.25285e+06 1.19669e+06 49988
1.25433e+06 1.19669e+06 49988
1.18277e+06 1.19669e+06 49988
1.19228e+06 1.19669e+06 49988
1.22035e+06 1.19669e+06 49988
1.26098e+06 1.19669e+06 49988
1.17616e+06 1.19669e+06 49988
1.20112e+06 1.19669e+06 49988
1.16437e+06 1.19669e+06 49988
1.16341e+06 1.19669e+06 49988
1.1552e+06 1.19669e+06 49988
1.19179e+06 1.19669e+06 49988
1.16232e+06 1.19669e+06 49988
1.15607e+06 1.19669e+06 49988
1.17191e+06 1.19669e+06 49988
1.18532e+06 1.19669e+06 49988
1.22216e+06 1.19669e+06 49988
1.26922e+06 1.19669e+06 49988
1.21712e+06 1.19669e+06 49988
1.14648e+06 1.19669e+06 49988
1.18029e+06 1.19669e+06 49988
1.23238e+06 1.19669e+06 49988
1.25094e+06 1.19669e+06 49988
1.19475e+06 1.19669e+06 49988
1.15935e+06 1.19669e+06 49988
1.20384e+06 1.19669e+06 49988
1.17354e+06 1.19669e+06 49988
1.21502e+06 1.19669e+06 49988
1.1656e+06 1.19669e+06 49988
1.1597e+06 1.19669e+06 49988
1.17895e+06 1.19669e+06 49988
1.20465e+06 1.19669e+06 49988
1.13744e+06 1.19669e+06 49988
1.14716e+06 1.19669e+06 49988
1.20142e+06 1.19669e+06 49988
1.18145e+06 1.19669e+06 49988
1.1354e+06 1.19669e+06 49988
1.19755e+06 1.19669e+06 49988
1.13197e+06 1.19669e+06 49988
1.40157e+06 1.19669e+06 49988
1.35333e+06 1.19669e+06 49988
