194819 174404 12180.5
169304 174404 12180.5
186244 174404 12180.5
182793 174404 12180.5
160449 174404 12180.5
160065 174404 12180.5
175003 174404 12180.5
195108 174404 12180.5
168727 174404 12180.5
178299 174404 12180.5
161683 174404 12180.5
165801 174404 12180.5
159670 174404 12180.5
179101 174404 12180.5
175130 174404 12180.5
162382 174404 12180.5
154974 174404 12180.5
174500 174404 12180.5
177871 174404 12180.5
182159 174404 12180.5
169000 174404 12180.5
177422 174404 12180.5
187531 174404 12180.5
181071 174404 12180.5
164718 174404 12180.5
163377 174404 12180.5
200715 174404 12180.5
176767 174404 12180.5
171455 174404 12180.5
157524 174404 12180.5
177917 174404 12180.5
172488 174404 12180.5
180925 174404 12180.5
194565 174404 12180.5
169037 174404 12180.5
177451 174404 12180.5
164489 174404 12180.5
164514 174404 12180.5
161388 174404 12180.5
180497 174404 12180.5
189228 174404 12180.5
174695 174404 12180.5
171512 174404 12180.5
159210 174404 12180.5
186092 174404 12180.5
168734 174404 12180.5
152518 174404 12180.5
204113 174404 12180.5
163991 174404 12180.5
193186 174404 12180.5
