369041 362669 25801.4
328912 362669 25801.4
339146 362669 25801.4
314785 362669 25801.4
353997 362669 25801.4
322619 362669 25801.4
364017 362669 25801.4
356716 362669 25801.4
367590 362669 25801.4
336611 362669 25801.4
352493 362669 25801.4
352673 362669 25801.4
346186 362669 25801.4
369886 362669 25801.4
341988 362669 25801.4
362256 362669 25801.4
382895 362669 25801.4
356657 362669 25801.4
332424 362669 25801.4
363157 362669 25801.4
346356 362669 25801.4
356618 362669 25801.4
355237 362669 25801.4
341650 362669 25801.4
341238 362669 25801.4
365512 362669 25801.4
365143 362669 25801.4
388956 362669 25801.4
364715 362669 25801.4
342662 362669 25801.4
342524 362669 25801.4
377735 362669 25801.4
352405 362669 25801.4
438761 362669 25801.4
336029 362669 25801.4
382205 362669 25801.4
367801 362669 25801.4
376754 362669 25801.4
414270 362669 25801.4
396269 362669 25801.4
369090 362669 25801.4
331375 362669 25801.4
398992 362669 25801.4
380739 362669 25801.4
372647 362669 25801.4
342651 362669 25801.4
387619 362669 25801.4
398275 362669 25801.4
349750 362669 25801.4
435441 362669 25801.4
