2362 2312.34 3086.13
3828 2312.34 3086.13
1514 2312.34 3086.13
1919 2312.34 3086.13
1220 2312.34 3086.13
1145 2312.34 3086.13
1229 2312.34 3086.13
1452 2312.34 3086.13
1389 2312.34 3086.13
1369 2312.34 3086.13
1136 2312.34 3086.13
15201 2312.34 3086.13
12030 2312.34 3086.13
3856 2312.34 3086.13
3075 2312.34 3086.13
1766 2312.34 3086.13
1348 2312.34 3086.13
1792 2312.34 3086.13
1333 2312.34 3086.13
1223 2312.34 3086.13
1174 2312.34 3086.13
1967 2312.34 3086.13
1063 2312.34 3086.13
1140 2312.34 3086.13
1209 2312.34 3086.13
1706 2312.34 3086.13
1092 2312.34 3086.13
970 2312.34 3086.13
1102 2312.34 3086.13
960 2312.34 3086.13
1008 2312.34 3086.13
1057 2312.34 3086.13
2214 2312.34 3086.13
1199 2312.34 3086.13
970 2312.34 3086.13
1041 2312.34 3086.13
1015 2312.34 3086.13
2079 2312.34 3086.13
1230 2312.34 3086.13
3352 2312.34 3086.13
15082 2312.34 3086.13
1173 2312.34 3086.13
1120 2312.34 3086.13
3127 2312.34 3086.13
1818 2312.34 3086.13
1181 2312.34 3086.13
1155 2312.34 3086.13
1108 2312.34 3086.13
1098 2312.34 3086.13
1020 2312.34 3086.13
