2371 2410.92 1783.26
2376 2410.92 1783.26
1526 2410.92 1783.26
2256 2410.92 1783.26
1418 2410.92 1783.26
1556 2410.92 1783.26
1405 2410.92 1783.26
4119 2410.92 1783.26
1553 2410.92 1783.26
5604 2410.92 1783.26
1864 2410.92 1783.26
2339 2410.92 1783.26
4251 2410.92 1783.26
2207 2410.92 1783.26
2240 2410.92 1783.26
1650 2410.92 1783.26
1512 2410.92 1783.26
1481 2410.92 1783.26
1489 2410.92 1783.26
2088 2410.92 1783.26
7116 2410.92 1783.26
1751 2410.92 1783.26
1637 2410.92 1783.26
2059 2410.92 1783.26
1596 2410.92 1783.26
1484 2410.92 1783.26
1712 2410.92 1783.26
1534 2410.92 1783.26
1471 2410.92 1783.26
1655 2410.92 1783.26
1594 2410.92 1783.26
1393 2410.92 1783.26
1458 2410.92 1783.26
1522 2410.92 1783.26
9431 2410.92 1783.26
8596 2410.92 1783.26
5333 2410.92 1783.26
1726 2410.92 1783.26
2626 2410.92 1783.26
1432 2410.92 1783.26
3100 2410.92 1783.26
1503 2410.92 1783.26
1469 2410.92 1783.26
1669 2410.92 1783.26
1487 2410.92 1783.26
1490 2410.92 1783.26
2296 2410.92 1783.26
1542 2410.92 1783.26
1498 2410.92 1783.26
2061 2410.92 1783.26
