741830 756956 19999.7
764024 756956 19999.7
763878 756956 19999.7
760058 756956 19999.7
776650 756956 19999.7
755714 756956 19999.7
766011 756956 19999.7
752820 756956 19999.7
762573 756956 19999.7
702601 756956 19999.7
776430 756956 19999.7
743697 756956 19999.7
750853 756956 19999.7
739687 756956 19999.7
760119 756956 19999.7
758089 756956 19999.7
766657 756956 19999.7
763412 756956 19999.7
752895 756956 19999.7
731900 756956 19999.7
807502 756956 19999.7
741158 756956 19999.7
738151 756956 19999.7
743594 756956 19999.7
731919 756956 19999.7
756140 756956 19999.7
736786 756956 19999.7
727940 756956 19999.7
763231 756956 19999.7
766033 756956 19999.7
754032 756956 19999.7
738226 756956 19999.7
783199 756956 19999.7
747736 756956 19999.7
753873 756956 19999.7
750889 756956 19999.7
773404 756956 19999.7
746360 756956 19999.7
746229 756956 19999.7
751918 756956 19999.7
743027 756956 19999.7
755798 756956 19999.7
822876 756956 19999.7
790773 756956 19999.7
765916 756956 19999.7
741488 756956 19999.7
782170 756956 19999.7
776504 756956 19999.7
746007 756956 19999.7
775058 756956 19999.7
