654189 637448 31020
624684 637448 31020
592734 637448 31020
626938 637448 31020
640362 637448 31020
619738 637448 31020
621207 637448 31020
656278 637448 31020
576072 637448 31020
580475 637448 31020
620759 637448 31020
641905 637448 31020
657610 637448 31020
627795 637448 31020
630430 637448 31020
652551 637448 31020
627939 637448 31020
641724 637448 31020
637264 637448 31020
699829 637448 31020
629133 637448 31020
707058 637448 31020
635046 637448 31020
624844 637448 31020
658903 637448 31020
634650 637448 31020
637032 637448 31020
641147 637448 31020
709542 637448 31020
693058 637448 31020
652267 637448 31020
631585 637448 31020
641934 637448 31020
628878 637448 31020
638873 637448 31020
623948 637448 31020
666506 637448 31020
658916 637448 31020
665766 637448 31020
646042 637448 31020
677764 637448 31020
593624 637448 31020
652859 637448 31020
683864 637448 31020
589814 637448 31020
644261 637448 31020
592055 637448 31020
597103 637448 31020
596027 637448 31020
589401 637448 31020
